Filename       Segment   T272T312Fz-ASNM T272T312FCz-ASNM T272T312Cz-ASNM T272T312CPz-ASNM T272T312Pz-ASNM
ss_04             1          -3.9852        -1.0082         0.3191        -3.5162        -3.2912
ss_04             2           2.2100        -0.3843        -3.1466        -5.1890        -0.3544
ss_04             3           2.8438        -0.0269         0.9593         3.3388         3.2536
ss_04             4           5.7910         3.3104         3.7684         2.6419         0.4351
ss_04             5           9.0354        11.2654         5.7509        -1.0791        -1.3746
ss_04             6          -1.2251        -3.3302        -9.6208       -18.7657       -18.6504
ss_04             7          -9.4211        -7.1939        -2.8206         1.1629         4.4648
ss_04             8          -3.0955        -5.1595       -10.7900       -17.6700       -24.3892
ss_04             9          -0.3332         1.9580         2.4721        -3.0948        -4.8390
ss_04            10           7.3831        -0.6911        -6.0520        -4.4329        -0.5705
ss_04            11          -6.2321        -3.0102         2.6480         8.1152         6.8110
ss_04            12          12.4464        11.1658        -1.2821         0.3566       -12.6267
ss_04            13          -2.7884         1.8937         5.8799         4.2357         1.5622
ss_04            14          -5.4356        -6.2474        -3.5065        -4.0486         1.8094
ss_04            15           0.2480        -1.8567        -5.1134        -2.0831         4.4007
ss_04            16          13.8285        10.4911         8.3409         2.9891        -3.0120
ss_04            17          -3.0852        -4.5233        -5.2784        -0.6562         5.2456
ss_04            18          -7.0928        -7.2121        -2.5783         7.4536        10.0501
ss_04            19          -9.4008        -9.7676        -4.3177        -0.0864        -0.2351
ss_04            20         -19.4578       -14.9325        -8.7831        -1.2578         2.2587
ss_04            21           3.9942         1.9456         4.7566         3.2667        -0.8203
ss_04            22          -4.4699        -4.8998        -7.8767        -5.1263        -0.6912
ss_04            23           3.5951         2.1911         1.2443         3.5807         7.0944
ss_04            24          -9.4131        -7.3436        -1.1181         3.4942         8.5637
ss_04            25          -5.2958        -2.3980         6.0239         6.2402        12.4608
ss_04            26          -7.1962        -1.8459        -0.9571        -1.8601        -1.7636
ss_04            27          -1.2029         0.7599         4.2039         3.9037         4.1878
ss_04            28           1.3067         0.1835         1.7451         1.5772         4.5204
ss_04            29          -3.3910         0.5631         0.2534        -2.9192        -6.0938
ss_04            30           7.7298         4.1770         0.1785        -2.5597        -4.7336
ss_04            31           4.8446         1.8611         3.4768         3.5234         0.5116
ss_04            32          -3.1222        -1.1115        -0.1147         1.5121         2.3779
ss_04            33           2.4942         3.1840         2.3619        -2.1406        -7.2040
ss_04            34          -5.3394        -5.0105        -4.0916        -2.9566        -0.8359
ss_04            35         -11.2086        -7.8664        -3.2868         0.5622         2.1855
ss_04            36          -3.8796        -2.8983         1.7129         7.8792         6.2044
ss_04            37          -4.8221        -1.2497         0.5843         5.5436         5.2261
ss_04            38           4.3908         2.8536         1.2668        -0.2446         0.5823
ss_04            39         -13.5503       -10.2879        -4.7970         0.7051         4.7512
ss_04            40          -3.2519        -3.6311        -9.3544       -12.5147        -6.7894
ss_04            41           0.3362         2.1780         2.3872         1.3513         0.4683
ss_04            42           2.3279         1.5370         2.8631        -1.4263        -7.8562
ss_04            43           4.0077         4.0924         1.2543         0.1754         1.5458
ss_04            44           7.7361         3.7530         3.0614         2.7132         0.6850
ss_04            45          -7.4210        -5.0214        -2.0224        -3.7018        -2.9710
ss_04            46           6.8892         7.4584         7.6264         0.9345        -3.7307
ss_04            47          -9.7335        -6.7786        -1.0944        -1.5793         0.3093
ss_04            48          -1.1206        -1.2215         0.1757         0.0751         0.0158
ss_04            49          11.3471         7.5782         3.1990        -6.4398        -8.8353
ss_04            50         -11.5321        -6.4739        -0.1287        -0.3114         4.0377
ss_04            51          -1.6522        -1.8503        -0.5374         4.1303         3.3607
ss_04            52          -4.1423        -2.0726         6.3078         8.4435         9.0665
ss_04            53           3.4438         4.2399         6.1061         7.9702         6.2523
ss_04            54         -11.6920        -9.0484        -2.7912        -1.6501        -0.7408
ss_04            55         -10.8533        -7.4808        -6.4833        -4.2122        -1.4640
ss_04            56          -1.7239        -3.2631         1.1975        -2.2756        -2.1851
ss_04            57          -8.2726        -3.6217        -3.3467        -5.7091        -6.0981
ss_04            58           3.7599         5.1936         4.3797        -0.1323        -4.7786
ss_04            59           5.0433         0.9654        -2.1775        -2.5420        -1.1212
ss_04            60          -8.6437        -6.4024        -4.9899        -1.0570         0.6170
ss_04            61         -15.0022        -8.4633        -0.7078         2.1116         1.9572
ss_04            62           3.5776         1.4688         2.6247         0.7053         0.7834
ss_04            63          16.0831        10.3725         3.7622        -3.1666        -3.9550
ss_04            64           1.3141         0.2430         1.0922        -3.8598        -5.1211
ss_04            65          16.4405        14.3186         5.7837        -4.8570       -11.0334
ss_04            66          -7.6510        -6.9088         0.7359         2.7920         1.6215
ss_04            67           0.7857         6.0318         3.9257        -4.9397        -6.9871
ss_04            68          -2.7378         0.5955         1.6099        -3.1504         0.6844
ss_04            69           9.1031        11.0409        10.7799         2.5866        -3.8439
ss_04            70          -5.2312        -3.0549         0.2895        -2.1790        -3.9106
ss_04            71           4.2899         5.5153         6.3517         4.9109         4.9957
ss_04            72          -7.3499        -9.2546        -8.9326        -8.8029        -7.6239
ss_04            73           4.0510         1.0000        -2.3439         0.8563         1.9538
ss_04            74          -6.6741        -4.8702        -1.7016        -2.4079        -3.3405
ss_04            75         -11.9974        -6.9409         3.0196         6.9549         7.7100
ss_04            76           4.4086         5.7363         2.5741        -2.4679        -5.8545
ss_04            77          -9.6811        -5.7448        -1.3130         5.2814         8.3583
ss_04            78           2.7641         0.2573         0.7274         4.8899         8.0486
ss_04            79          13.0984         8.8870         0.2535        -3.3381        -0.8131
ss_04            80           3.7588         2.1771         3.0962         0.0554        -0.6398
ss_04            81          16.5397        12.9663        12.3833         6.3690         1.3238
ss_04            82          -0.1378        -2.3205         0.6681         5.5344         8.4693
ss_04            83          -6.0651        -5.1884        -3.9458        -1.0267         4.6123
ss_04            84           6.7323         4.1097         0.3718         2.3093         3.9477
ss_04            85           6.8811         4.7492        -0.4701        -8.1677       -12.0322
ss_04            86           3.8238         5.5076         8.7216         3.7978        -1.6407
ss_04            87          -0.0282         0.4614         5.1429         9.1182        13.3786
ss_04            88           2.0458        -1.6763        -2.6975        -1.6153        -0.4488
ss_04            89          -5.7164        -3.8843        -3.4272         2.4444         3.7660
ss_04            90          -1.2581        -1.1899        -2.1198        -2.0102        -2.8535
ss_04            91         -11.4387        -6.5426        -2.7259         1.8677         6.2457
ss_04            92           3.1084         1.3026        -3.8140        -4.0327        -5.0156
ss_04            93          -7.0391        -3.7966         1.5947         0.3709        -2.6324
ss_04            94          12.5340         7.2877         6.0372         2.8218        -0.6399
ss_04            95         -14.1650       -12.9891        -4.7679        -1.5539         0.5752
ss_04            96           0.8815         2.1893         8.1668         9.0831         0.0119
ss_04            97          -0.7126        -2.3341         0.2077         3.0239         1.5995
ss_04            98          -2.1407        -0.0263         1.4302         2.1000        -0.9920
ss_04            99           6.1641         3.3461         1.0671         0.6396        -1.4952
ss_04           100         -10.5761        -7.9747        -2.9575         2.4357         3.5694
ss_04           101          -6.7642        -7.1151        -4.5170         3.6812         4.8424
ss_04           102         -11.1364        -9.3958        -0.2523         4.1690         9.1043
ss_04           103          -0.3359        -0.3755        -1.3217         1.7506         3.0842
ss_04           104           5.4703         3.2420        -2.8908        -7.7230        -4.5813
ss_04           105          -4.8277        -2.3516         1.8983         0.5563         2.1586
ss_04           106          -3.3298        -1.9292         2.5031        -0.3344        -4.9982
ss_04           107          -4.4112        -1.9048         4.8062         3.1605         1.3131
ss_04           108          13.0681        12.2290         5.1040        -7.9143       -12.7109
ss_04           109          -1.7239        -2.4343         0.0198         3.0457        -0.5243
ss_04           110         -13.7520        -8.5374         2.3782         6.0973         4.0159
ss_04           111         -10.5737        -8.0406         1.7304         5.0455         5.6623
ss_04           112          -0.2562         0.3734        -3.6592        -5.3255        -6.1734
ss_04           113         -12.1342       -10.0285        -1.5693         3.3973         9.8702
ss_04           114           2.8103         2.1018         1.9975        -0.2493        -2.0895
ss_04           115           7.3969         7.3149         3.8897         4.5541         1.7822
ss_04           116         -13.0305       -12.7132        -3.9616         0.9687         1.2730
ss_04           117           3.2594         0.4235         0.7325        -2.1456        -1.1308
ss_04           118           6.6635         7.0897         5.4480        -0.3441         1.3759
ss_04           119           2.8828         2.5758         1.8267        -1.7699        -4.7473
ss_04           120           5.4710         6.2322         3.6326        -1.2540        -4.6852
ss_04           121         -14.7661        -7.4242        -4.8052         0.0104         7.1951
ss_04           122           2.8895         4.3200         4.1248         2.2819        -1.9055
ss_04           123          -0.1297        -1.4304        -3.9313        -5.3702        -6.8030
ss_04           124           2.6236        -1.5930        -5.0823        -3.1133        -1.2514
ss_04           125          -6.7386        -6.0649        -3.6139         2.8291         7.4835
ss_04           126          -2.4073        -4.3106        -5.7350        -7.6520        -6.0972
ss_04           127          -8.2678        -4.8217        -0.4287        -2.7267        -3.0554
ss_04           128          -7.6212        -8.8298        -6.9034        -3.4570         0.2857
ss_04           129          -4.8457        -5.4244        -1.7292         3.1286         2.7901
ss_04           130          -6.9528        -6.3931         0.4804         8.8756        11.8318
ss_04           131           3.4363        -0.1042         0.1981         7.9710        10.0825
ss_04           132          -4.5847        -4.0141        -2.5040        -3.1418        -4.5123
ss_04           133           0.4102        -0.2003        -0.2939         1.7581         5.9526
ss_04           134           3.1128         2.7502         7.0807         8.2603         2.4841
ss_04           135          10.4929         7.8535         2.7712        -4.4439       -11.9757
ss_04           136          -8.9819        -8.1052        -2.9629         1.4284         3.7237
ss_04           137          -3.5832        -2.3553         3.6600         3.8684         4.8431
ss_04           138           1.1996         0.8910         2.8307         4.8678         5.7309
ss_04           139          -6.5847        -5.7690        -3.1492        -3.0552        -0.4377
ss_04           140          -7.2169        -3.0290         1.7786         1.1329        -0.8288
ss_04           141         -11.1869        -9.7766        -2.5421        -2.7757         0.5639
ss_04           142          -4.9365        -3.3446        -1.5736        -2.2784         1.5017
ss_04           143          -9.3099        -8.1917        -3.6544         3.1954         2.4737
ss_04           144          -6.2569        -1.6556        -0.0966        -1.2980        -2.4970
ss_04           145          -0.5772        -2.6689         0.4482         3.1532        -0.3538
ss_04           146          -0.0613        -3.2706        -3.9886        -7.3379        -6.6121
ss_04           147          -3.6916        -3.0486        -0.7122         3.8760         3.5863
ss_04           148         -10.7148        -8.8054         2.0858        14.3386        13.5394
ss_04           149          -5.6519        -4.0272         1.9905         4.6328         0.2541
ss_04           150           2.5488         6.1676         4.8140        -2.2729        -4.1254
ss_04           151         -14.5559        -1.9094        -3.5031         0.3367         3.5573
ss_04           152         -13.8057       -13.9802        -7.7895        -2.8707         8.4876
ss_04           153          -9.1563        -7.9023        -5.0282        -3.9517        -2.6182
ss_04           154          -8.2404        -8.3970        -4.9280        -1.3660         3.7883
ss_04           155          -2.7421        -1.0463         2.3305         2.2905         1.9596
ss_04           156          -6.9938        -6.0102         3.1500         7.1082         8.2004
ss_04           157           4.6804        -0.2206         0.3957        -4.1843        -3.7313
ss_04           158         -10.5483        -8.1092        -3.5082         0.9703        -0.4986
ss_04           159           5.2870         4.8184         2.3777         0.1291        -2.5385
ss_04           160          -5.4858        -6.8072        -7.4154        -4.1175         4.7179
