Filename       Segment   T224T264Fz-ASNM T224T264FCz-ASNM T224T264Cz-ASNM T224T264CPz-ASNM T224T264Pz-ASNM
ss_02             1          -1.2618        -4.4099         2.2489         8.2257         5.9334
ss_02             2          -5.7087        18.1138        18.0819         0.0052        -3.6964
ss_02             3           7.9676        -6.0444        -1.1908        -1.2257        -1.4285
ss_02             4           -.----         -.----         -.----         -.----         -.----
ss_02             5          16.7995         4.2154         2.4732         2.5859        -0.4598
ss_02             6          14.4130        19.5071        17.0658        14.2410         6.9728
ss_02             7          17.5046        12.2630        17.0913        12.5504         8.2977
ss_02             8           4.7700         2.8886        -7.6825        -8.2116        -9.6143
ss_02             9           4.8026         5.0356        -2.1191        -4.8155         0.1643
ss_02            10          51.3029        52.0387        -6.8587        20.2818        29.9079
ss_02            11          14.6105        21.4251        19.6649        17.5902        22.4977
ss_02            12           8.5858         7.0523         1.5339         0.1414        -2.4758
ss_02            13           3.6917         9.7972         8.2922         3.4091         3.0124
ss_02            14         -10.6963       -12.8804       -11.2547       -11.6280        -8.9071
ss_02            15          -7.4602        -8.3127        -1.0695        -1.3694         1.5396
ss_02            16           1.4851         1.9147         3.5824        -4.3945        -3.7381
ss_02            17           3.4514         6.9732         6.8444        10.4469         6.0135
ss_02            18          -6.5434        -4.4420        -1.3104         2.9874         4.2392
ss_02            19         -19.7961       -21.5069       -11.4711       -13.0996       -11.4820
ss_02            20          20.8129        21.9770         9.9449         9.9013        -1.0351
ss_02            21          -7.7328         0.9814        -1.8105        -0.4690        -1.9372
ss_02            22           8.2884        19.0305        27.0609        31.0827        27.1159
ss_02            23          -9.1573        -8.7743        -5.1046        -3.3475        -4.8638
ss_02            24           6.1299         6.6166        11.5539        13.6159         3.9036
ss_02            25          -2.4017         0.2572         5.8073        10.0431         6.4048
ss_02            26          -0.5805         2.8852         3.7998         0.7487        -5.0523
ss_02            27           9.8511        13.1263        15.2904         9.7782         9.4042
ss_02            28           1.8275         4.6926         8.0601         9.4008         6.7670
ss_02            29           8.4352         2.1483         8.8906         5.8144         3.9496
ss_02            30          15.2088        13.6973         5.3317         1.7076        -6.1380
ss_02            31          11.0921        15.2177        13.7410        11.1071         3.0364
ss_02            32          -2.4197        -5.9191        -4.3040       -11.9467       -10.4328
ss_02            33          -0.1124         4.9834         5.1316        10.5674        15.9706
ss_02            34          11.4282         3.2705        14.5765        18.8584        19.9019
ss_02            35          18.9474        25.5545        33.9066        34.4381        33.3349
ss_02            36           2.6799         3.3419         0.3559        -0.0320        -5.0069
ss_02            37           5.8311         6.8049         6.4128        -1.9471        -8.2255
ss_02            38          14.8769        25.8912        27.5557        32.5169        28.6066
ss_02            39           4.3583        15.7407        22.8646        20.2491        20.5248
ss_02            40          12.5081         7.0041        17.8050        23.0883        20.0951
ss_02            41          11.6032        10.5456        15.6813        15.7860        14.2668
ss_02            42          20.7633        57.8241        43.2802        21.3605        26.3104
ss_02            43          14.7293        23.6657        24.6018        24.5489        20.8342
ss_02            44           7.0074         2.3642        10.1223        21.5004        21.5594
ss_02            45         -14.5868       -42.9582       -21.9172        -4.7906        -9.6522
ss_02            46           1.1481       -11.3604        -7.1114        -5.3385        -8.0687
ss_02            47           3.9995         3.4745         4.4195         9.4801         4.8960
ss_02            48          14.2863        15.8042         9.5177         6.7191         1.9814
ss_02            49          -9.0816       -17.0189       -13.0696        -7.8030       -12.0217
ss_02            50           5.3017         9.2919        10.7587        10.6177         3.0720
ss_02            51          13.3700        18.5917        19.5474        18.2503        14.1948
ss_02            52           7.0036        44.7449        33.6956         6.2229         9.9724
ss_02            53          15.7287        16.4561        23.0009        19.1051         3.2766
ss_02            54          14.6732       -12.3338        -6.3201        15.3585         2.0942
ss_02            55           9.1583        -9.7841         2.5514        21.5532        16.9632
ss_02            56           4.4572         1.3452         5.0263         6.7015         5.2924
ss_02            57          16.6551        11.6036        11.3333        14.8263         7.2110
ss_02            58           2.8862         3.5537         7.0651         6.6564         1.2291
ss_02            59           8.4390        13.6666        13.9399        13.1791         5.2920
ss_02            60         -17.2052       -12.8497        -5.9463        -9.9412       -13.9460
ss_02            61           8.8926        28.3079        21.2297        10.3473         6.9963
ss_02            62           1.3873       -12.2207        -8.2585        -4.0753        -9.6068
ss_02            63           6.4352         7.6386         8.8002         8.2000         1.3694
ss_02            64           -.----         -.----         -.----         -.----         -.----
ss_02            65           6.0596         8.9895        11.7255        13.0707         9.8925
ss_02            66           9.2557        13.1388        13.6085        15.0328         5.9875
ss_02            67         -13.5339       -18.7422       -12.0615        -5.4965        -2.0566
ss_02            68          10.6311        16.3748        16.2286        13.9431         6.8046
ss_02            69          -8.4401        -5.5416        -9.7742       -23.0489       -22.6211
ss_02            70           8.8213        10.9032         6.8304         4.3387         1.3448
ss_02            71           0.9725         5.7421         9.9187         7.6951         4.4041
ss_02            72           1.3349        -4.7862        -0.3805         1.2561        -3.8881
ss_02            73          16.1171        27.5104        28.4715        23.2772        20.9468
ss_02            74          32.3540        49.1513        32.2386        14.9526         5.6149
ss_02            75         -13.3730       -21.6669       -18.3622       -17.7496       -21.0543
ss_02            76           1.9667        -8.2939        -9.7011       -12.2060       -18.9416
ss_02            77          13.5332        16.4027        17.7580        13.7430         1.8772
ss_02            78          22.1027        63.4670        53.2847        28.1234        37.1517
ss_02            79          32.2383        35.3830        20.2981        -0.5407       -10.9676
ss_02            80          11.4044        17.4305        16.3370        16.0373        13.5564
ss_02            81          40.4992        55.1256        42.0918        19.9107         7.9309
ss_02            82          12.7437         5.2206        10.2716        15.5609         9.3038
ss_02            83          40.1298        44.6723        28.4599        33.3816        19.2911
ss_02            84           6.2151        11.3389        15.6558        17.7502        18.7226
ss_02            85          21.9504        16.9684         9.5196         7.4942        -5.4089
ss_02            86          -1.3230         0.7194         6.6818        12.3168        15.4846
ss_02            87           2.7148         2.3953         9.9146        17.2589        16.3194
ss_02            88           2.1996        -6.3979         2.5511        13.4668        10.7090
ss_02            89          13.6456        20.2162        23.9222        17.1965        12.6721
ss_02            90           7.3801         9.4533         9.8482         6.3218        -0.6674
ss_02            91          -8.5655        -9.6869       -12.7977       -11.6392       -14.0703
ss_02            92          20.3470        23.9205        31.7001        22.5402         8.7419
ss_02            93          -1.1128        -5.5677        -4.3094        -6.3065       -20.7407
ss_02            94          10.6367        18.9473        27.1822        33.9711        29.6505
ss_02            95          10.3814        15.8025        17.8639        15.8343         7.9955
ss_02            96          11.6554        16.5010        13.5605         2.7131         0.2836
ss_02            97          38.8439        92.4622        53.9010        14.0694        11.2531
ss_02            98          14.9781        35.0238        30.5293        17.9347        23.8576
ss_02            99          14.5996        23.3834        32.9707        31.0545        31.4159
ss_02           100           9.0144        17.1689        18.2800        16.9590         5.8378
ss_02           101           6.5246         1.0974         4.7702        10.4657         1.7978
ss_02           102           7.4337         8.6838        12.6707        15.4365        13.5611
ss_02           103          23.7707        32.4380        40.8201        41.2180        35.0884
ss_02           104           1.9752         2.3395         4.9357         4.2215        -1.9403
ss_02           105          16.6343        19.2796        12.4752         4.9397         9.2358
ss_02           106           5.1174         7.9459         2.8193        -2.1213        -0.1423
ss_02           107          15.2998        11.9599        12.3359         9.1207         6.3956
ss_02           108          10.7134         4.6510        11.0938        17.3192        16.3581
ss_02           109           3.8707         3.4793        10.9776        11.2828         9.8431
ss_02           110          17.6214        12.1676        11.8885         7.3940        -2.5344
ss_02           111           5.9669        14.1122        21.4404        15.4712        13.7377
ss_02           112          13.0746        18.0432        24.3184        17.2868        12.0425
ss_02           113          17.1810        26.4181        30.2482        28.5870        25.9294
ss_02           114           2.4302        -1.5777        -5.7056        -7.4454       -12.4628
ss_02           115          -8.5969       -12.4196       -13.1851       -20.3697       -21.6484
ss_02           116          22.2513        28.7384        29.7058        26.5137        20.4619
ss_02           117          13.8406        19.5411        20.9067        22.3462        17.1203
ss_02           118          -2.0307         5.0413        12.5290         9.8729         6.0203
ss_02           119           6.3464         5.5312         7.4717         6.0165        -0.7103
ss_02           120          15.3838        15.8280        12.1803         8.6792        15.1244
ss_02           121           1.0496        -3.9696         0.5906         0.9243        -2.4798
ss_02           122           3.6780         2.2018        -1.7918        -8.3077       -11.1131
ss_02           123           3.1145         1.6033         7.2373         0.6343       -10.0261
ss_02           124          19.3361        25.4024        27.1571        27.3829        17.3845
ss_02           125          13.1693        20.2896        20.3000        11.9015        10.0283
ss_02           126          17.2092        23.0966        15.9562         6.6609         2.4089
ss_02           127          14.9734        18.4217        21.3006        18.8273        18.7134
ss_02           128          17.3820        23.3617        27.0088        25.8690        18.8813
ss_02           129          -1.5039         0.2439         8.8800         8.8625         8.1831
ss_02           130          11.1682        15.4679        14.0576         2.8243        -1.9847
ss_02           131           2.0166        -1.3297        -0.0926         2.4140        -3.2473
ss_02           132          19.4314        30.9438        32.3090        28.3290        20.8529
ss_02           133           1.2368         3.1527         2.9049         3.3876         1.1915
ss_02           134          19.3487        30.3337        35.8601        35.2222        26.5637
ss_02           135          14.4643        10.2499        14.0918         8.5556         0.5197
ss_02           136          12.4387        11.9432        14.3581        19.1028        17.7273
ss_02           137          12.3172        28.4080        35.0977        24.8227        22.6887
ss_02           138           1.0918       -30.0694       -11.6267       -19.9491       -23.5000
ss_02           139           0.8920         1.2449         6.9857        12.2469         7.6765
ss_02           140          13.1301        23.4976        24.6292        14.6739         5.0437
ss_02           141          11.1015        14.2272        13.9323        13.8828        10.3593
ss_02           142          16.6463        17.8169        17.6857        15.9816         7.5007
ss_02           143          22.1632        49.3960        49.8729        42.7576        41.5315
ss_02           144          15.4851        22.4160        24.5908        23.6246        17.2472
ss_02           145          10.5031        12.4240        12.9741        12.0767         4.4377
ss_02           146          19.6520        32.2061        40.0684        40.9694        34.2679
ss_02           147          19.6180        30.9819        37.9697        33.9439        23.9101
ss_02           148          12.7795        18.6246        15.4791         6.0723         1.7927
ss_02           149          10.6038        18.0533        17.1591        11.5501         8.9533
ss_02           150          12.4976         8.1468        10.3249        13.5021         8.2717
ss_02           151          14.3311        20.2780        20.8824        12.4087         8.2287
ss_02           152          -4.9753        -8.3812        -2.4622         0.7255        -0.3845
ss_02           153          15.2062        22.1566        24.7362        14.0081         9.7398
ss_02           154          -1.5870        -3.6687         3.1287         4.9825         2.1479
ss_02           155          18.5866        20.4427        18.0934        16.1739        10.8458
ss_02           156          12.6411         2.4075         5.0923        23.9455        15.5381
ss_02           157          12.7225        17.4247        21.4196        15.8107         8.1205
ss_02           158          -2.5368        -8.2927        -4.1874        -3.2673        -0.2663
ss_02           159          10.8903        12.1274        10.4343         1.7344        -7.2814
ss_02           160           9.0096        12.6925        10.8115         3.5355        -6.3283
