Filename       Segment   T220T260Fz-ASNM T220T260FCz-ASNM T220T260Cz-ASNM T220T260CPz-ASNM T220T260Pz-ASNM
ss_08             1           0.6455         1.8583         4.1060         4.1196         8.0205
ss_08             2           7.5563        11.1292        13.0551        14.8965         9.5987
ss_08             3          12.0852         4.8001         4.1552         3.1112         7.3968
ss_08             4          -3.9461        -4.7885        -4.3095        -5.4498        -7.4067
ss_08             5           7.2626        25.9346        14.2199        15.9207        11.7434
ss_08             6          19.4505        20.1908        21.1370        23.2754        21.4944
ss_08             7           4.9978         2.6314         8.8319        11.0524         9.2116
ss_08             8           0.6616         1.1387         5.1568         7.2531        13.0697
ss_08             9           0.9089         7.3272        11.1177        11.6251        11.8146
ss_08            10           2.1969         1.7918         4.3288         8.1030         9.6628
ss_08            11           1.0121         2.5417         4.4044         1.1535        -5.0225
ss_08            12          13.4470         7.5057        12.5843        19.5726        18.1156
ss_08            13          17.7682        19.5920        25.1528        32.6165        32.6110
ss_08            14          34.5504        36.8132        32.3317        33.9880        30.1041
ss_08            15          18.0333        25.0521        23.6556        25.4509        22.6681
ss_08            16          27.5128        23.5144        24.0385        17.4470         8.7546
ss_08            17          -1.5877        -1.1296        -3.7647         2.3808         5.4645
ss_08            18          14.6176        11.4373        22.7412        24.8690        23.3440
ss_08            19           3.3142         3.4299         8.9233        12.3185         8.8872
ss_08            20           3.4963         6.4879        12.5948        12.7263        17.1910
ss_08            21           9.2292         9.5605        13.5252        13.6903         5.8520
ss_08            22           3.1657         8.3800         4.1468         4.8466         5.2425
ss_08            23          18.4082        22.2032        16.9624        17.6968        11.3571
ss_08            24          33.7949        25.3716        21.7967        14.6386        13.0465
ss_08            25           9.4654         6.4339         9.0875         4.8368         6.3309
ss_08            26          16.7744        17.8817        15.7466        10.7782         5.9212
ss_08            27           3.8062         7.8663        13.7075        17.2051        18.8129
ss_08            28          16.3127         5.7440        15.2855        17.5241        15.8745
ss_08            29          20.4910        26.7025        24.1990        20.0327        14.1836
ss_08            30          27.4104        27.2525        26.1023        19.6096        16.7140
ss_08            31           3.2953         6.2506         9.8144        13.0139        11.8385
ss_08            32          17.2516        15.0893        16.2883        13.3676        12.5649
ss_08            33           8.3307        -0.9245        14.5542        12.4810        13.8157
ss_08            34           8.7181         7.0180         3.6983         5.0146         7.8637
ss_08            35           6.0415         2.8669        11.5983         9.6942         5.3379
ss_08            36           5.0600        14.1434         8.5351        12.5877        12.8904
ss_08            37          12.1111        22.0343        25.4455        27.4433        22.3656
ss_08            38          15.3894        24.3513        24.5211        16.7467        11.3794
ss_08            39           9.0209        17.0087        16.3548        17.0907        12.2583
ss_08            40          13.4798        12.1573        13.9504        12.7775        10.1214
ss_08            41          -3.8467        -4.7868        -1.7339         1.7000         3.2510
ss_08            42          13.9540        22.1012        24.9609        23.2904        26.7678
ss_08            43           1.7302        10.4259        10.1161        11.9132         7.9336
ss_08            44          12.2500         9.6157        10.6109         5.7062         1.7977
ss_08            45           1.8125         2.4997         6.0840        10.0791        13.3433
ss_08            46          10.4575        14.6669        13.2610        17.0284        11.5634
ss_08            47           6.8892         4.0531         0.5711        -2.4321        -4.5558
ss_08            48           7.7049        -0.3879        -0.6538        -1.8548        -5.2296
ss_08            49          22.7932        26.9647        25.0985        22.5184        16.1801
ss_08            50          -1.5718         1.4208         5.6250         6.9848         3.7523
ss_08            51          11.0954        14.1356         6.3676         3.4685         0.7598
ss_08            52          15.6631        -2.0038        12.8625        14.1845        11.6111
ss_08            53           8.3824         4.0176         6.2760         6.9507         3.8806
ss_08            54          28.7294        28.6119        29.8592        24.8164        18.2207
ss_08            55          21.0810        29.3788        26.4036        25.2531        21.7669
ss_08            56          11.4439         9.0521        13.2009        14.3912        19.8485
ss_08            57          25.0906        33.2598        26.9437        23.7599        20.9291
ss_08            58          13.7759        11.1050         4.6836         2.3649         0.0205
ss_08            59          -1.9834         1.4284         6.9713         9.8304         9.3145
ss_08            60          15.7472        20.3349        19.0401        17.4249        16.7929
ss_08            61          -1.3199        -3.8112        11.3621        16.5389        18.4414
ss_08            62           5.1975        16.3042        10.9532        10.0150         7.7209
ss_08            63          36.4245        32.2294        36.1996        30.2633        26.2165
ss_08            64           4.5228        -5.5142         8.0067         8.6472         6.0663
ss_08            65          19.4551        21.9634        20.9801        21.6405        21.2708
ss_08            66           4.0274        10.6254         6.4714         6.3426         6.2160
ss_08            67           3.7773         9.0832        12.2695        17.6256        15.2383
ss_08            68          10.2422        13.6472        20.1213        20.3434        19.5689
ss_08            69          21.5322        27.3247        31.6041        26.2635        24.6273
ss_08            70          -7.3891        -3.6770         0.9451         3.3653         2.2094
ss_08            71          21.3603        32.5514        27.1302        26.3885        29.2442
ss_08            72          30.4295        31.0856        38.0603        39.6178        38.9973
ss_08            73          26.1936        27.0770        24.2862        21.2397        16.2387
ss_08            74          -4.0396        -8.5533         1.4502         1.7533         1.4324
ss_08            75          12.7962        12.4254        17.3795        16.9781        14.2880
ss_08            76          18.0876        13.8782        22.3544        22.3343        21.5299
ss_08            77           7.9195        18.1662        20.0516        21.4632        19.8964
ss_08            78          13.5088        20.6684        18.9538        22.5118        20.2325
ss_08            79          16.8575        15.6663        22.4518        24.2453        24.4817
ss_08            80           8.7012         7.5545         7.0989         2.3086         3.1936
ss_08            81           5.9839        14.6806        16.6078        19.5376        18.1597
ss_08            82           9.0571         9.5870         6.8195         9.4087         8.2733
ss_08            83          -6.6295         7.5883        15.5738        22.2255        29.3212
ss_08            84           4.2071        14.1550        16.2192        13.4505         7.9422
ss_08            85          20.0455        21.5232        22.3578        22.8447        22.4138
ss_08            86          11.4881        43.2330        16.1292        13.0595        10.3965
ss_08            87          11.6380        14.9945        16.7284        16.6970        15.5293
ss_08            88          11.9884         3.3400        10.9357        16.0756        20.3966
ss_08            89          13.2744        16.4463         4.3380         5.5464         6.6235
ss_08            90          16.9617        18.5742        19.6549        20.2927        21.7174
ss_08            91          29.5395        24.4358        17.8943        12.7158        13.6715
ss_08            92          -2.0106        -1.1750         0.8434         3.4673         2.0704
ss_08            93          -2.2945         3.1425         2.1157        10.8384        14.4376
ss_08            94          37.9008        25.3690        25.6099        21.4544        18.1715
ss_08            95          16.6582        17.8300        17.8284        20.9857        20.2151
ss_08            96          16.1217        22.8856        26.3896        28.1307        29.9274
ss_08            97          28.4003        32.6850        38.0118        37.5944        31.2170
ss_08            98          -2.7430        -2.6937         0.8343         4.4404        12.6987
ss_08            99          34.7211        42.0057        42.5471        40.4534        35.9130
ss_08           100           9.5542        11.6200        19.4078        26.2557        29.8621
ss_08           101          13.3187        19.5742        27.3535        35.7189        37.0949
ss_08           102          -3.3970        -1.2096         3.6873        -0.6733        -3.8495
ss_08           103          -5.8241        -0.1609        -0.8984         7.4861         8.9362
ss_08           104          -4.4884        -0.9461         9.2915         8.5116         5.6092
ss_08           105          14.5548        20.0978        18.3013        20.0132        17.7182
ss_08           106          -1.0489         1.8755         8.7989        11.2852        12.3689
ss_08           107         -23.3311       -17.1796       -15.4184       -10.6788        -4.7618
ss_08           108         -10.7333        -4.4725         1.6499         1.4143         3.8723
ss_08           109          21.5867        26.2967        22.4560        21.2841        15.1086
ss_08           110          -8.4554        -1.0524         2.2542         8.5600         9.4768
ss_08           111          21.2818        24.1213        30.5639        29.0594        24.8046
ss_08           112           6.6521         9.6374        14.8604        17.0768        15.7184
ss_08           113          12.0788        22.4032        26.3764        19.5972        12.7796
ss_08           114          -9.0118        -6.2296        -3.9436        -2.7040        -0.4735
ss_08           115          23.8617        31.5276        27.8075        22.6804        21.0707
ss_08           116          -6.9369        -2.1724         2.7426         3.4921         4.1030
ss_08           117          18.6842        23.5601        28.8350        34.7232        32.4165
ss_08           118          -0.2640         6.0356         3.9935         9.3571         6.3854
ss_08           119          -5.9378         0.0697        -1.8962        -3.6038        -0.7306
ss_08           120          12.0436        11.9759         7.2851         6.4341        10.2117
ss_08           121          25.5468        31.4709        30.4281        31.2562        29.2981
ss_08           122          10.1833        11.9715         8.1298         4.6915         4.6679
ss_08           123          15.5409        18.7300        16.7533        15.3434        11.7379
ss_08           124          -6.0754        -5.4738        -0.2184         3.9915         4.7715
ss_08           125           3.7540         2.9639         2.3536         1.2893         4.2543
ss_08           126          10.2617        22.5810        22.1172        24.8691        22.8756
ss_08           127           3.2147        14.0963        18.7664        22.1251        22.2116
ss_08           128          19.7776        18.2349        28.9324        31.4033        31.7314
ss_08           129          14.7486        22.2781        21.2316        25.2916        26.5676
ss_08           130           2.8030         8.2774        17.4078        19.8442        21.5814
ss_08           131          -1.3134         2.6725        10.2441         9.0992         7.5531
ss_08           132          14.7518        16.2459        11.3308         7.3880         3.7212
ss_08           133          17.2096        13.2594        13.1486        11.9444         9.7431
ss_08           134          13.4396        11.3733        13.4118        12.6318        14.4173
ss_08           135          11.0510        15.4431        18.8183        15.1683        15.4663
ss_08           136           2.0393         7.3370        13.6518        19.7900        18.4933
ss_08           137          -2.3205         0.6221         5.2319         9.8601        13.5384
ss_08           138          24.7847        21.1236        23.1967        19.1115        18.2169
ss_08           139          28.1170        23.3568        20.8432        14.3450        13.9094
ss_08           140          12.7657        11.1596        10.0526         8.3884         8.3180
ss_08           141          15.0077        25.1847        22.5896        19.3834        17.1125
ss_08           142          13.7388        16.6579        13.8889        13.8737        17.5138
ss_08           143           4.5664        13.2000        14.4068        18.5430        16.7553
ss_08           144         -19.3624        -1.3518         7.0525        10.3583        12.7815
ss_08           145           9.9029        10.7931        20.3784        26.2880        28.0738
ss_08           146          -7.8594        -2.6638        -0.0993         2.0642         3.5791
ss_08           147          19.4403        25.6559        30.3468        35.5479        32.2674
ss_08           148          23.3570        30.8392        30.5150        25.8430        22.1911
ss_08           149          -3.1847         3.9840         1.1707         3.4798         5.1630
ss_08           150          37.8215        41.8815        38.5573        32.4544        21.7920
ss_08           151          11.5947        18.6954        22.0450        24.3909        23.7961
ss_08           152          11.9182        14.3571        10.0676        10.7181         9.6121
ss_08           153           3.2914         9.6546        12.9899        21.7181        23.9875
ss_08           154           6.5939        -0.7391        -3.3371        -1.5004        -1.4299
ss_08           155         -14.1292        -7.7674        -5.2215        -0.1826         3.1531
ss_08           156           0.5525         1.9054         8.8316        10.2040        12.6396
