Filename       Segment   T208T248Fz-ASNM T208T248FCz-ASNM T208T248Cz-ASNM T208T248CPz-ASNM T208T248Pz-ASNM
ss_05             1          -1.3912         1.7254        -1.4447         0.1079         1.9612
ss_05             2          13.5042         9.9747         6.4529         5.4339         6.4357
ss_05             3          11.7361        13.5244        16.2095        16.4535        16.6780
ss_05             4          19.9890        27.1824        26.3118        23.5951        18.9271
ss_05             5         -11.2935       -12.4830       -12.8026       -15.2266       -15.4245
ss_05             6         -12.2463       -14.8653       -11.3340        -9.2427        -8.7667
ss_05             7          -0.3096         1.8600         1.9209        -1.9293         2.4279
ss_05             8          25.2649        23.0565        19.1683        17.3778        17.7086
ss_05             9          -0.2973         2.0450         7.0752         6.8371         5.7792
ss_05            10          12.4774        18.7107        21.1092        15.0660         9.4057
ss_05            11          -6.3570        -5.0816        -0.8624         0.1846         2.5212
ss_05            12          15.0541        16.8064        14.7299        13.0955        12.6994
ss_05            13         -12.2441       -14.1654       -14.9583       -19.0335       -16.8385
ss_05            14          13.7811        17.6518        17.2579        17.5080        16.3605
ss_05            15          -6.3280        -7.6126        -9.6940       -13.5174       -14.3895
ss_05            16          -1.4757        -1.7874        -1.5067        -4.6722       -10.0197
ss_05            17          -4.5434         2.0599         5.6368         7.2759         4.9313
ss_05            18          -5.0081        -2.4475         1.6456         0.3109         3.1291
ss_05            19          12.1247        12.9003        10.0752         3.8980         1.8639
ss_05            20          -9.8145       -10.2944        -8.3327        -3.1405         0.3300
ss_05            21           2.3020         7.0888         7.2144         5.2306         8.9602
ss_05            22          -0.4426         2.3766         3.8441        -0.2385        -1.9579
ss_05            23          -4.4871        -6.6084       -10.1481        -9.9256       -13.3875
ss_05            24           2.3766         4.8124         8.5396        10.1674        11.7770
ss_05            25           6.7174        12.1837        12.5557         9.5047         8.0487
ss_05            26          24.5129        26.1302        22.3205        14.2577        12.7238
ss_05            27          20.6062        18.7240        14.8271        10.4524         3.2900
ss_05            28          12.4893        11.1962         8.4783         5.8943         4.2868
ss_05            29           8.2612        10.3393        10.9197        12.2142        14.2463
ss_05            30          -2.5175        -4.1314        -3.8276        -3.9884        -6.2538
ss_05            31           6.9902         6.7832         4.4988         0.3595        -2.6540
ss_05            32          -0.5222        -3.3747        -2.4294        -4.6860        -6.3056
ss_05            33         -10.8792       -13.3889       -11.3215       -11.1305        -6.9056
ss_05            34         -12.6210        -8.4296        -5.0254        -4.8820        -6.9777
ss_05            35         -22.0332       -26.1936       -26.9772       -25.2988       -32.3624
ss_05            36           3.8433         7.5586        12.8650        14.7792        19.0448
ss_05            37         -11.4838       -10.6553        -7.0042        -5.4090        -5.3918
ss_05            38           6.6631         5.0548         4.0012         6.5496         4.4004
ss_05            39          -1.1811        -0.0138        -3.0365        -8.3476       -12.5575
ss_05            40           9.0326        12.4949        13.0533        13.6272        14.6236
ss_05            41           6.7388         7.8037         9.4298         9.0251        10.1478
ss_05            42           6.8631         8.8695        12.9161        16.5119        15.5388
ss_05            43         -14.4257       -16.2834       -12.5277       -12.1368        -9.9552
ss_05            44          13.6997        14.4688         7.7938        -0.0032        -3.9443
ss_05            45          -2.1763        -4.0107        -4.8126        -1.3081         3.3008
ss_05            46           1.1677         1.6817         3.5967         4.9881         2.8889
ss_05            47          -3.8240        -6.3812        -8.9602       -11.4782       -10.5973
ss_05            48          34.4788        30.6384        22.6631        18.8704        11.5720
ss_05            49          -7.6857       -10.7226       -10.8002       -12.0515        -4.4784
ss_05            50           6.4659         6.9680         4.2777         0.7089        -1.9486
ss_05            51           5.8869         7.5932         7.2351         6.6302         4.5500
ss_05            52          -2.8440        -0.8050         0.6761         5.0206         5.9576
ss_05            53           0.8972         4.7892         8.6530         4.2909         3.3829
ss_05            54          -0.1706         0.6489         2.1363         6.8516         7.3548
ss_05            55           0.0455        -1.9899        -4.1920         0.2593         1.4168
ss_05            56          19.4333        24.0686        22.6845        26.3402        22.1269
ss_05            57           5.5945         4.2895         0.0340         0.6641         2.4450
ss_05            58           7.2886        11.5492        16.7420        19.1278        21.8574
ss_05            59           4.7699         2.6404         3.8536         8.2805        13.1893
ss_05            60          -1.8713        -0.7021         0.9908         2.7676         8.2209
ss_05            61           8.2103        11.5587        10.1339         3.3421        -2.2251
ss_05            62           8.4904        10.3551         7.2667         7.0471         4.4226
ss_05            63          13.6520        18.8134        22.4099        17.4907        11.4112
ss_05            64           9.3876         8.1509         3.8050         2.6283         1.1174
ss_05            65          -8.8709        -9.1745        -7.2812        -6.5706        -8.8426
ss_05            66          -3.9458        -3.3562        -2.2707        -3.1505        -2.7067
ss_05            67          -2.9360        -2.6272         0.3438         0.1027         2.0450
ss_05            68          12.2942        18.2617        21.9616        22.3790        23.1605
ss_05            69         -24.0431       -29.0218       -27.0704       -22.7748       -16.7894
ss_05            70           7.3666        10.4991        15.7762        11.3843         8.8672
ss_05            71          15.9555        20.9434        24.5155        24.1872        23.2157
ss_05            72          -5.2975        -5.8305        -9.5329       -10.6225        -8.2244
ss_05            73          -5.9263        -6.0356        -3.2812        -1.5261         0.5419
ss_05            74          -7.6117       -10.5202        -8.3390        -5.2897        -4.6420
ss_05            75          -4.7282        -1.8109         2.3027         4.9840         7.8434
ss_05            76           8.6354        14.5214        18.2184        16.6474        13.8628
ss_05            77          -1.5832        -1.0187         1.2180        -0.9831         2.8394
ss_05            78           3.8744         4.7912         7.3541         6.6291         5.2940
ss_05            79          -6.6290        -6.6897        -4.5463        -0.1820         2.1432
ss_05            80          14.6618        15.2085        13.6125        14.6714        14.2929
ss_05            81          -1.6833        -1.5431        -0.9037        -1.1382         0.6599
ss_05            82         -14.3054        -7.8904        -5.0086        -4.4446        -2.0326
ss_05            83          23.9360        21.0777        13.7533        12.2949         1.2105
ss_05            84           8.8509         9.7061         8.1000         9.3651         7.5926
ss_05            85          -7.3906       -12.7718       -17.5847       -21.0967       -25.0449
ss_05            86           3.4148         3.5898         3.8769         1.9599        -0.4784
ss_05            87          -2.2417        -1.8881         0.5540         2.3318         7.9751
ss_05            88          -2.9723        -6.1952       -10.2271        -9.4742        -7.2569
ss_05            89           8.3542         9.7279        11.0399        11.1695        10.2539
ss_05            90          -2.5471        -2.6229        -1.7635         2.0366         4.0398
ss_05            91           4.1090         6.7985         6.9260         6.4295         5.7983
ss_05            92          -3.1342        -5.5876       -13.0027        -9.7710        -9.5399
ss_05            93           5.3391         7.2518         7.0329         4.7142         4.9768
ss_05            94          17.2229        18.3768        16.0685        14.8962         6.9904
ss_05            95          10.8715        14.8942        17.4856        25.3806        28.8195
ss_05            96          -5.0782        -3.6593        -2.3155        -1.3593         0.5203
ss_05            97          -1.7156        -3.3504        -1.3527         0.0070         0.6565
ss_05            98           3.8388         8.5859        17.6607        17.6686        16.0841
ss_05            99          13.2511        20.2999        20.3866        14.5015         9.5462
ss_05           100          -4.2280        -3.1991         1.6605         7.8912        11.5692
ss_05           101           6.9456        12.7008        16.3825        16.2351        15.5356
ss_05           102          -0.9228        -1.9086        -1.9587         1.6604        -5.1282
ss_05           103          14.0243        16.7488        20.8387        16.3268         8.8640
ss_05           104           7.7821        14.2322         6.7386         1.3911        -4.6793
ss_05           105          12.4321        15.1780        17.2845        12.1720         4.3991
ss_05           106          -2.1805        -4.2557        -6.2993        -5.1856        -4.0079
ss_05           107         -26.5962       -27.8206       -23.3118       -15.3359       -12.5418
ss_05           108          10.6464        11.9676         9.4586         6.3653         0.3306
ss_05           109          15.8007        17.9594        15.9453        14.6017         7.8601
ss_05           110          12.3263        13.0045         7.2868         2.5088        -4.6131
ss_05           111          -4.2186        -5.1599        -7.3053        -8.6382        -5.8299
ss_05           112          -3.0839        -3.7200        -1.3271        -0.7900        -2.4179
ss_05           113           4.8134        10.2829        14.8936        15.7846        15.4366
ss_05           114          -5.1973        -4.4038         3.5185         5.6049         6.7023
ss_05           115           4.2860         5.5442         6.5507         9.1042         9.6934
ss_05           116           9.8208        10.7960        11.2423        11.2092        11.8457
ss_05           117           0.5481         3.5380         6.5799        10.8613        16.3157
ss_05           118           7.3591         7.2868         8.6498        11.4721         9.9873
ss_05           119           3.9792         3.1336         3.1291         3.2333        -2.2602
ss_05           120         -13.9394       -16.7585       -21.7249       -19.3086       -14.3426
ss_05           121          -0.1381         1.9395         4.4365         4.3763         5.7470
ss_05           122          12.2247        14.8533        12.7022         9.5948         7.1250
ss_05           123           8.2623        11.8891        18.7084        15.3989        18.1034
ss_05           124          10.3918        13.7645        14.9568         9.2420         7.0200
ss_05           125           7.7714         9.7532         8.8572         5.0800         2.5565
ss_05           126          -0.6434         1.0802         1.4518        -2.1873        -2.6870
ss_05           127          17.3275        21.9302        24.9673        21.8829        20.3916
ss_05           128           3.5533         3.5221         5.9975         6.1268         3.6183
ss_05           129          -1.4549        -1.4631         0.8621         1.5541         3.4144
ss_05           130           0.5685         3.3946         1.9074         8.6335        12.3765
ss_05           131           3.8301         6.8727        10.6256         9.8539         6.2131
ss_05           132           6.3711         8.7721        13.0322        10.7723         4.8850
ss_05           133           5.7556         7.9024         9.3056        10.8078        12.6624
ss_05           134          -0.7757         1.4416         7.1297         8.5911         6.9389
ss_05           135          10.6637        13.2789        10.3568         3.4803        -1.6198
ss_05           136          14.9940        15.9149        11.1559         8.0681         5.3718
ss_05           137           1.2580         1.9987         3.5776         8.3081         8.6488
ss_05           138           1.0752         3.7554         7.2973         5.9833         5.7938
ss_05           139          -7.8221        -9.4943        -8.6052        -8.6213        -7.7575
ss_05           140          -5.2142        -5.3406         1.2922         5.1531         8.0103
ss_05           141          12.0915        13.5288        10.8224         6.3150         1.2361
ss_05           142          -6.0908       -12.6829       -14.6308       -12.7189       -13.9448
ss_05           143          -4.0283       -12.2282       -19.0182       -18.4498       -15.4998
ss_05           144           7.2363         8.8138        10.5518         9.9431         8.7774
ss_05           145          -5.2103        -4.0417        -0.9207         3.2789         8.7606
ss_05           146         -11.7598       -14.6942       -14.6704        -8.1238        -1.4497
ss_05           147           1.3010         6.4861        12.6833        12.9129        11.8816
ss_05           148          -2.4345        -2.7819        -0.8608         2.2460         4.9149
ss_05           149          16.2033        17.5740        13.4160        14.1130        10.9140
ss_05           150          -3.8328        -3.4764        -1.1502        -1.1212        -1.0120
ss_05           151           9.0362         9.5831         6.4660         0.9322        -5.2516
ss_05           152          19.9628        25.2237        28.7891        22.7665        18.9111
ss_05           153           2.3775         2.2317         8.5373        14.4994        17.4678
ss_05           154          14.4263        17.6303        14.7999        13.0344         8.7247
ss_05           155          -4.3204        -7.0273        -4.3131        -5.1372        -7.4704
ss_05           156           0.0296        -1.6409        -3.4352        -3.0987        -4.6975
ss_05           157           2.7147         5.1424         9.3180        11.5266        11.5471
ss_05           158          10.4469        15.3786        13.1977        11.0496        13.5836
ss_05           159           8.0715        11.4134        15.2598        16.2364        15.0141
ss_05           160          13.8455        15.9307        15.4851        12.1317         4.2691
