Filename       Segment   T228T268Fz-ASNM T228T268FCz-ASNM T228T268Cz-ASNM T228T268CPz-ASNM T228T268Pz-ASNM
ss_09             1         -13.6626        -6.4718        -4.2661        -0.9221         2.5640
ss_09             2         -12.4886       -14.2456       -13.1081        -9.1648        -6.5817
ss_09             3          14.3185        19.9533        23.1659        20.5446        15.0230
ss_09             4         -21.4508       -17.9591       -10.3884        -6.6660        -4.8984
ss_09             5          27.2765        29.2067        24.4114        13.2943         5.2568
ss_09             6           5.0036         4.2057         7.9356         2.0139        -2.2019
ss_09             7           3.4366         3.5764         6.2391         7.4705         6.3725
ss_09             8          -6.6273         2.0947         4.0278         6.6544         7.0214
ss_09             9          -5.7724         2.2883        -0.3423        -3.1308        -8.7477
ss_09            10         -28.8118       -20.1988       -15.5061       -11.4248        -9.7522
ss_09            11          29.6124        32.6036        35.6497        34.2962        29.7742
ss_09            12          18.2900        25.6071        28.0491        24.4103        20.2195
ss_09            13          19.8481        23.9463        23.8933        22.3211        18.6877
ss_09            14          15.5614        20.3314        23.9000        20.1099        16.2308
ss_09            15          28.9318        31.7969        33.9265        34.0931        37.9347
ss_09            16          21.9134        22.7136        20.7694        19.2718        20.3292
ss_09            17         -14.6305        -5.3338        -3.7413        -6.7818        -0.8293
ss_09            18          10.7791        15.0519        14.9852        12.6532         6.1892
ss_09            19           5.1859        23.1881        25.7427        24.0329        20.7568
ss_09            20           7.5711        14.5229        20.3050        22.7364        19.6485
ss_09            21         -12.6948       -10.7316        -7.3121        -5.9028        -6.5321
ss_09            22          -9.1625        -4.3657        -2.9719        -2.1196        -1.3056
ss_09            23         -12.7361        -8.5960        -9.8266        -8.6097        -2.8674
ss_09            24          25.4004        24.9245        25.0916        21.8602        18.0083
ss_09            25          39.5856        41.1499        39.1536        40.4929        31.0064
ss_09            26          11.9895        11.3794        12.7395        17.9271        14.9118
ss_09            27          33.4887        39.8374        41.9379        41.0368        38.3196
ss_09            28           3.3179         3.5817         0.1315        -8.9615       -11.5845
ss_09            29          49.0799        50.8490        51.1185        48.9794        44.1546
ss_09            30          26.6964        25.3857        31.8366        37.0658        33.7355
ss_09            31           0.7362         8.0124        11.6721        14.2201        13.4155
ss_09            32          -7.9590         2.4075        -0.4829         3.0906         1.8635
ss_09            33          20.1223        11.8691        12.6663        14.5162        12.0093
ss_09            34           6.6728        11.4045        21.8176        23.5963        27.1087
ss_09            35          11.0970         5.0621         7.0084         6.0544         6.3434
ss_09            36          -1.4970         1.2127         2.6426        -0.5042        -3.7666
ss_09            37          -8.5367        -3.4216         1.2610         4.9809         6.9158
ss_09            38          21.9518        22.3633        19.0926        21.1822        17.9842
ss_09            39          20.4889        21.1541        21.0168        23.2547        21.2494
ss_09            40          -3.0432        -3.0924         1.2025         3.0470        -0.1522
ss_09            41           7.9763         9.3453        14.3605        17.1554        17.5094
ss_09            42          22.5418        25.4786        24.5707        21.1025        13.3056
ss_09            43           5.9415        13.2701        11.7560        12.9740        11.1102
ss_09            44         -12.7186       -10.5072        -4.2809         3.3436         3.0273
ss_09            45          37.1192        45.4734        50.3260        52.0248        49.2171
ss_09            46          29.5287        33.0485        40.2871        42.6159        42.5971
ss_09            47           5.0939         7.2259         6.9482         8.1025         8.2269
ss_09            48           1.4624         0.1209         1.7180         6.1839        10.1561
ss_09            49           0.7044         3.5907         3.1893         6.0001         4.3659
ss_09            50          36.4777        35.5656        36.1269        41.0740        42.2167
ss_09            51           1.0473         0.4538         0.2430         5.7825        11.6871
ss_09            52          20.1979        19.1337        21.1036        23.5714        17.2288
ss_09            53          -8.5807        -1.8643         3.9524         7.6435        11.8661
ss_09            54          -9.9006        -4.0228         3.5182         5.4458         6.1171
ss_09            55         -12.0188       -19.0622       -22.1632       -20.0498       -18.3455
ss_09            56          26.6558        30.5032        30.7249        28.7712        23.9782
ss_09            57          -1.9577         0.6641         2.3417         1.6180         8.7252
ss_09            58         -16.8673       -11.7230        -2.4192         2.2179        -0.8401
ss_09            59          -0.7216        -0.4056         0.6451         3.0623         3.1960
ss_09            60          10.0143        10.1217        12.0810        12.6852        10.2855
ss_09            61           3.6722         8.5863         4.1382         1.8398        -1.5914
ss_09            62          -6.9566        -0.3261         3.1306         7.3374        12.9841
ss_09            63          -4.9762         1.5461         2.4654        -1.2136        -3.6810
ss_09            64          -5.7788        -6.0726        -0.3179         3.2253         8.4789
ss_09            65           3.7925         4.2441        10.3198        14.7928        15.8039
ss_09            66          12.2950        10.8837         9.4662         7.2978         5.1014
ss_09            67         -18.8667        -8.1031         0.9387         5.4673        10.0572
ss_09            68          10.9050        15.9087        14.4670        12.1059         7.1050
ss_09            69          -6.4560        -4.8853        -2.4946         1.9153         4.3319
ss_09            70          12.7353        18.5502        20.7742        20.9988        19.5884
ss_09            71           0.6726         6.0378        12.3013        20.0148        22.9622
ss_09            72          -5.1374        -2.7043        -4.5420        -2.8123         3.0287
ss_09            73           8.7119        17.4458        16.8299        12.5939         5.3441
ss_09            74         -14.2364        -8.9404        -9.6711       -11.7785       -13.6705
ss_09            75           8.5188         8.2850        14.1588        18.1411        14.6260
ss_09            76          28.5847        32.7513        35.7071        32.6982        27.1067
ss_09            77           9.6553        12.8488        19.0568        18.6526        15.9804
ss_09            78           9.8763        13.0823        14.3599        17.8905        11.0792
ss_09            79         -23.1349       -12.4112        -6.2360        -1.8931         3.0128
ss_09            80          14.4217        24.1910        25.0138        18.6776         9.7632
ss_09            81           1.8822         7.7434        12.1007        14.8339        16.5116
ss_09            82          30.6946        31.5340        31.1193        24.8173        18.8683
ss_09            83          -0.0753         4.6716         5.8364         5.0758         5.6601
ss_09            84         -22.1112       -14.8970        -7.0126        -0.0172         7.7801
ss_09            85          -9.2162        -7.7021        -0.0598         4.2431         4.2593
ss_09            86          17.5217        15.7706        22.9575        19.5162        20.1324
ss_09            87           1.4554         1.9049         7.5695        12.3738        14.9914
ss_09            88          22.0927        25.6251        19.8330        12.9536         4.1701
ss_09            89          -8.2320        -4.7095         0.2731        -0.3615        -2.3471
ss_09            90          11.1309        13.9156        17.4119        19.2172        14.6156
ss_09            91         -20.9884       -21.9908       -17.1543        -5.5674         6.4995
ss_09            92          10.6412         5.8484         7.6602         9.6662        11.6232
ss_09            93          31.0897        36.1416        36.1743        39.1592        36.9465
ss_09            94           3.3497         2.9214         5.6802        11.3581         7.7684
ss_09            95          32.5160        40.0770        38.1224        35.6789        26.5663
ss_09            96          10.1824        18.4872        18.3224        20.0319        20.8370
ss_09            97           7.0761         5.3466         5.2698        10.5538        17.5478
ss_09            98          12.4552        16.8299        19.9558        17.1060        10.9656
ss_09            99          -5.6595        -1.3668        10.7723        12.6283        21.6619
ss_09           100           2.4746         3.5452         9.2436        11.1560        11.3336
ss_09           101           8.2591         7.2570         6.9771         8.8230         4.6847
ss_09           102          17.1522        18.6568        20.3150        19.3226        14.0926
ss_09           103         -14.8428       -11.3722       -12.6745       -17.0562       -18.2968
ss_09           104          11.3490        19.0785        29.8647        35.1906        35.5145
ss_09           105           4.4222         9.4311        17.8906        21.2860        23.0338
ss_09           106          20.5404        22.7291        20.8099        15.4757        11.2198
ss_09           107          21.2043        18.7119        23.1699        18.3690        15.1900
ss_09           108          36.1396        44.2226        53.3538        48.9373        44.7518
ss_09           109          -9.8877        -6.6793        -4.4204        -0.7804         0.6015
ss_09           110          14.2843        14.9416        12.6796         6.9092         3.4137
ss_09           111          10.1049        14.7516        17.7093        19.2529        24.7832
ss_09           112          10.1239        12.1258        13.7400        11.7648         7.6398
ss_09           113           9.7070        14.0361        11.2677        12.1113         9.3475
ss_09           114          23.0895        21.9061        25.2400        29.4268        30.6933
ss_09           115           3.8053         6.4753         9.9161        10.7394         3.7935
ss_09           116          11.9593        16.6515        19.4682        27.7797        32.2558
ss_09           117          18.3498        25.4468        25.0181        29.5599        28.7815
ss_09           118           2.5102         9.5146        14.5852        19.3754        17.2229
ss_09           119           7.9122        16.6165        23.6247        23.5980        15.3927
ss_09           120           1.6721         1.1650         7.0201         9.1317         5.2296
ss_09           121           3.9600         3.8616         3.6462         3.4930         2.1750
ss_09           122          27.7984        35.8048        38.0837        35.0108        29.9167
ss_09           123           5.5214        10.8367        19.6437        18.2286        15.5261
ss_09           124          14.5674        18.5059        24.2240        27.8002        25.5971
ss_09           125          35.1844        41.7234        44.0655        42.7477        37.3611
ss_09           126          18.2127        19.6704        20.7234        24.6619        20.1867
ss_09           127          13.5391        13.8416        16.1770        20.8203        22.6279
ss_09           128          -5.7110        -4.6477        -1.0932         6.5428         2.4036
ss_09           129           8.7995        11.1872        14.9191        18.7004        15.4222
ss_09           130          -7.6265        -2.1307        -2.1525        -1.6450        -5.3123
ss_09           131           6.1796         5.7986         7.2049         8.4975         5.2086
ss_09           132          27.3125        31.1543        34.7198        31.0475        27.2742
ss_09           133           9.8074        17.5836        14.1125        13.2170         8.4520
ss_09           134          10.8366        21.9484        24.4350        20.9817        12.7624
ss_09           135          12.7902        17.6305        26.4361        28.7250        31.0084
ss_09           136          -2.7137         0.2805         8.1899         9.1758        10.6001
ss_09           137           7.3548        13.1583        18.2897        24.5558        28.9049
ss_09           138          16.0526        23.1522        30.4086        34.1684        35.5091
ss_09           139          17.3117        21.2218        16.0841        17.2107        20.5971
ss_09           140           7.6384         4.2676        -0.5937        -0.6827        -4.9676
ss_09           141           6.9989        10.1472         9.8975         8.6609         4.6059
ss_09           142          -7.5133         0.9576         3.9135         8.1099         9.7767
ss_09           143          -5.2656        -2.9922         1.2194         2.3372         4.6929
ss_09           144           1.4476         6.9329        12.3231        10.9784         9.2615
ss_09           145          -7.8804        -4.2362         2.7343         6.5367        11.0652
ss_09           146          11.5153        12.9451        12.7619        14.0275        13.6604
ss_09           147          -6.2073        -1.0510         5.7435         9.8936        13.4302
ss_09           148          10.9576         8.5504         8.7602         8.7243         4.4760
ss_09           149          12.9876        15.1151        17.3067        17.9951        13.9667
ss_09           150          -5.0342        -2.6780        -1.8363         1.2071         0.2424
ss_09           151          41.5725        37.8577        36.5124        28.3437        20.2838
ss_09           152          15.0118        15.0383        17.9181        18.1212        16.2939
ss_09           153          15.7653        24.1620        28.2594        31.4961        26.7969
ss_09           154          23.8881        28.1348        30.7831        35.7426        33.2302
ss_09           155          -0.4005         4.9281         8.0635         7.8120         8.1481
ss_09           156           9.1780        13.3112        18.5337        17.0086        16.1697
ss_09           157          18.6001        19.3514        14.5921        12.7231         3.1149
ss_09           158          17.2897        19.1727        23.1913        23.6777        20.1737
ss_09           159          12.0605        12.1176        13.7486        11.3573         5.3834
ss_09           160           7.3848         9.8132         6.8227         6.2744         1.6206
