Filename       Segment   T248T288Fz-ASNM T248T288FCz-ASNM T248T288Cz-ASNM T248T288CPz-ASNM T248T288Pz-ASNM
ss_05             1           0.6774         6.0061         4.7374         4.1417         4.7203
ss_05             2          22.8266        21.5901        19.2075        19.0301        18.2009
ss_05             3           6.2920         3.9346         3.3078         7.6410        11.9860
ss_05             4          20.4517        24.7950        20.2714        17.1846        14.7450
ss_05             5          -5.5947        -2.5722         1.9129         2.9736         4.0539
ss_05             6         -12.4449       -13.2749        -7.5028        -5.6360        -3.2247
ss_05             7           0.3356         1.2490         3.9393         5.2334         8.6652
ss_05             8          25.1614        21.5723        16.9606        14.5055        15.8143
ss_05             9           8.5593        11.8697        16.8040        18.1597        15.7190
ss_05            10           3.1646        10.0982        13.8430         7.2149         5.6397
ss_05            11          -7.2387        -5.8996        -0.6267         1.1940         3.6204
ss_05            12          14.9062        20.2162        27.3346        30.7441        30.7429
ss_05            13          -1.0868        -1.3911        -0.4127         0.8931         2.8242
ss_05            14          21.2275        28.6032        28.6031        29.2740        25.5296
ss_05            15          -5.7007        -7.6321        -8.5157       -11.7635       -11.1284
ss_05            16         -10.8947       -13.6817       -14.7673       -17.4785       -17.4188
ss_05            17          -5.1376         1.7545         3.4606         2.0080        -3.3042
ss_05            18           2.3510         5.3388         7.4077         4.1058         5.6735
ss_05            19           7.2381         8.3506        11.3101         9.0648         8.0301
ss_05            20         -20.2100       -18.9179       -15.8393       -10.3911        -6.2043
ss_05            21          -5.0656        -0.4526         0.7551         2.3618         6.3257
ss_05            22           0.4568         5.4790        10.5844         9.5628        10.3638
ss_05            23          -1.3930        -0.5723         2.6458         7.4887         6.2660
ss_05            24          -5.7264        -3.5840        -0.4519        -0.8422         2.8164
ss_05            25           3.8533         6.6112         6.3586         4.9172         3.7720
ss_05            26          25.7098        28.4073        28.6377        27.1697        31.2683
ss_05            27          14.7677        13.8112        13.3017        12.2830         8.4323
ss_05            28          21.5459        22.6659        19.1426        16.9162        14.9088
ss_05            29           6.8214         5.4244         2.7758         2.2004         2.9095
ss_05            30         -12.0846       -17.1149       -17.0150       -12.5973       -11.6125
ss_05            31          11.9120        15.6121        19.7768        21.4997        23.6746
ss_05            32          -4.0303        -7.3069        -4.9511        -4.7923        -4.3080
ss_05            33          -7.3832        -9.5741        -6.4700        -4.3386         0.2329
ss_05            34          -6.3037        -2.5202         1.0269         3.6609         2.9744
ss_05            35         -24.4289       -28.6582       -31.0705       -26.2603       -33.8122
ss_05            36           7.6666        11.4722        16.3094        18.4149        21.1054
ss_05            37         -11.6095       -11.7834        -9.8568        -5.6498        -2.2297
ss_05            38           5.3467         4.0610         3.9262         9.0413         7.2809
ss_05            39           2.1650         3.7991         2.0222        -1.1462        -3.5189
ss_05            40           3.2714         5.9137        12.0132        18.1517        19.7528
ss_05            41           8.9190        13.3767        21.8848        26.3450        30.5506
ss_05            42           2.6005         1.9736         3.5703         6.4963         7.2487
ss_05            43          -7.0849        -9.0025        -4.0648        -0.6906         1.6899
ss_05            44          16.1140        18.4075        17.9633        19.8211        18.2748
ss_05            45           3.9636         3.9604         4.1076         6.9601        11.5546
ss_05            46           6.6398         9.4326        11.3030        13.3775        14.4158
ss_05            47          -1.4850        -2.3631        -2.8555        -3.1736        -1.3206
ss_05            48          40.2743        31.8127        21.5763        13.2143         4.6793
ss_05            49         -13.5983       -16.4109       -13.9018       -15.0747        -7.5154
ss_05            50           4.0534         6.5470         6.1493         5.1673         4.7779
ss_05            51          10.5193        12.5972        12.1886        12.5140        10.8885
ss_05            52          -2.3803         0.0802         3.0258         5.5122         7.6125
ss_05            53          12.2256        16.2632        19.9365        16.4832        10.3737
ss_05            54           3.8131         5.4357         4.7718         6.7110         5.1936
ss_05            55          -5.3862        -8.0849        -8.9575        -4.9195        -2.5094
ss_05            56          27.2907        33.4161        33.4318        36.3420        32.5861
ss_05            57           9.8841         9.6357         7.2364         7.5852         6.2733
ss_05            58           2.7506         6.3919        13.3808        17.8490        21.0579
ss_05            59           9.7143         9.4640         9.7794         8.9660        10.2673
ss_05            60           1.3825         2.3232         3.4069         6.5556         6.9976
ss_05            61           9.6032        15.1920        21.1845        23.0170        18.9514
ss_05            62           7.7215         8.7403         2.4859        -1.7703        -4.4364
ss_05            63           9.9891        16.4647        22.3944        23.3475        23.6651
ss_05            64          12.8272        14.8251        16.1605        20.3391        20.6387
ss_05            65          -6.0906        -5.0736        -3.8926        -5.6219       -10.3337
ss_05            66          -1.1249        -1.2216        -0.4375        -0.2579        -3.7584
ss_05            67          -2.1270        -1.0333         1.0141         1.4565         3.8651
ss_05            68          13.8234        20.0366        25.4949        29.3223        31.6770
ss_05            69         -25.3212       -30.4618       -27.8411       -24.2440       -20.5898
ss_05            70          -5.1099        -2.6085         4.2895         3.3406         6.2317
ss_05            71          20.6339        27.4336        31.9214        31.7748        26.6712
ss_05            72          -5.4947        -2.3414         3.7128        10.8700        14.4198
ss_05            73          -6.5626        -7.4578        -5.0888        -2.2492        -0.4341
ss_05            74          -5.1260        -5.0279        -2.1119         1.7945         4.7805
ss_05            75           1.1333         2.8669         7.6537        11.1969        10.8923
ss_05            76          16.4420        22.1471        22.3417        20.6691        16.0984
ss_05            77          -3.7262        -2.1090         3.9310         6.0681        13.4574
ss_05            78           6.8910         9.1959        11.9481        10.9026         9.2757
ss_05            79           2.9598         4.9551         8.8818        14.2044        14.0782
ss_05            80          14.1490        15.8421        15.4793        19.0352        20.0881
ss_05            81           2.7345         5.8774        10.3350        14.7583        18.3704
ss_05            82         -12.9204        -5.8781        -0.2799         4.9608        10.9754
ss_05            83          11.8714         8.7721         5.4428         3.0805        -6.5157
ss_05            84          11.3821        14.7327        15.0067        19.4755        20.8942
ss_05            85          -7.0566       -12.5418       -13.7579       -15.1690       -16.9872
ss_05            86          10.4467        12.5353        12.9285        12.3660        11.2370
ss_05            87          -6.8936        -8.3741        -4.4220         2.8585        10.5512
ss_05            88          -5.3618       -11.1197       -16.0232       -19.1066       -19.2486
ss_05            89          14.7730        17.5077        18.9080        19.5191        17.2445
ss_05            90          -1.3697        -0.6892         1.6482         3.5106         2.9595
ss_05            91          -6.6363        -6.0000        -3.3252         0.2127         3.8575
ss_05            92          -0.3452        -1.2839        -7.5976        -3.4868        -2.6491
ss_05            93           4.9121         6.3799         7.5215         8.4488         9.3604
ss_05            94          23.7399        26.2263        23.8450        24.0102        14.4773
ss_05            95           6.0058         8.6703        12.1547        19.1165        21.0321
ss_05            96          -5.0320        -4.6592        -0.6590        -3.0429        -7.2046
ss_05            97           8.7629        11.1101        15.7585        16.1108        15.7239
ss_05            98           2.1609         5.4383        13.3473        14.7886        13.6944
ss_05            99          15.2002        22.9694        25.6897        25.3968        22.6777
ss_05           100          10.2011        12.1796        16.1197        20.0459        17.2901
ss_05           101          14.1466        21.7844        26.5734        25.5369        22.2503
ss_05           102           3.2530         0.4348         0.5872         4.7583         1.1617
ss_05           103          11.9986        16.7810        22.1149        19.7940        15.6446
ss_05           104          14.8314        23.5445        19.7714        18.4274        15.9457
ss_05           105          14.4401        19.5504        25.8356        21.6105        15.2752
ss_05           106           0.2395         0.1115         2.0963         3.1358         1.5517
ss_05           107         -17.2146       -16.5492        -9.7769         2.8089         8.5511
ss_05           108           6.6937        10.0309         9.5959         9.0519         9.3288
ss_05           109          10.2266        12.8472        12.0369        11.8326         8.7593
ss_05           110           7.2492         8.4825         2.9469        -2.0428        -6.0692
ss_05           111          -3.0261        -1.7330         0.7933        -0.6682        -1.4305
ss_05           112           0.0075        -0.4888         3.5485         7.9399        10.0353
ss_05           113          21.9924        31.1460        34.8360        33.9998        31.5231
ss_05           114           8.8965         9.5773        14.0087        13.1647        13.7110
ss_05           115           5.8454         9.5804        15.5576        22.1620        24.2947
ss_05           116           5.1249         6.0768         8.5781        12.5397        14.3532
ss_05           117          -2.8271        -0.5368         1.9450         3.9180        10.7997
ss_05           118          20.8457        24.0142        24.7174        25.8465        25.5021
ss_05           119           0.3596        -0.9171        -0.4151         6.1059         8.4724
ss_05           120          -0.9658         1.0867        -1.9151         1.8215         8.7039
ss_05           121           1.6604         5.9414         8.8232         6.3890         7.4302
ss_05           122           6.3779         8.0663         9.1561        10.8929        10.9755
ss_05           123           1.2387         1.4062         7.6364         1.9828         5.7850
ss_05           124          19.0101        23.8779        27.6442        24.1074        18.7802
ss_05           125          16.2991        21.6144        23.3426        22.4667        19.0784
ss_05           126           8.7986        11.7175        12.7458        12.5029        15.1120
ss_05           127          14.9162        17.8557        19.2203        13.3268        11.5968
ss_05           128          -2.2964        -3.1697        -1.2807        -2.2406        -4.5055
ss_05           129           2.5868         4.4752        10.4697        10.4479        12.5056
ss_05           130           8.0335        12.9887        12.3785        21.3110        24.3790
ss_05           131          -0.6617         2.9446        10.7606        11.8209        10.8750
ss_05           132          14.0855        20.8204        28.9773        31.8649        29.9760
ss_05           133           4.0623         5.4828         6.4870         7.9970        10.1226
ss_05           134           3.3181         7.2914        14.3216        18.1538        18.4173
ss_05           135           5.6406         9.5125        12.1743        11.6414         6.5959
ss_05           136          27.9650        31.7612        27.5940        25.6159        24.8068
ss_05           137           5.4003         5.4222         8.6326        13.7443        14.3718
ss_05           138          12.1872        19.2994        29.8390        32.1128        30.1715
ss_05           139          -4.2967        -8.3415        -8.6189        -6.0947        -3.5062
ss_05           140           0.3478         2.7982        11.1888        13.3323        11.6635
ss_05           141          13.1263        16.0128        16.6713        17.0441        14.2755
ss_05           142           7.9827         4.9489         4.0699         6.4506         5.3813
ss_05           143           4.3410         3.4340         3.8843         6.6845         9.5805
ss_05           144           1.3722         3.6245         9.9576        12.1031         6.9093
ss_05           145          -0.9770         0.4353         3.1108         6.7131        10.6355
ss_05           146          -4.8646       -10.2573       -13.1835        -8.7504        -3.9909
ss_05           147          -1.2978         2.5013         8.0049         9.5811        10.0693
ss_05           148           0.3828         1.3242         4.1689         7.4413         9.6186
ss_05           149          16.3266        18.6901        16.4523        16.3816        10.4672
ss_05           150           5.1958         6.6430         8.8783        11.0476        13.1904
ss_05           151          17.7464        23.3806        23.9880        20.9276        15.7073
ss_05           152          27.3793        33.6130        32.8315        19.3647        12.4589
ss_05           153          11.8632        14.8222        21.4400        27.7679        28.3305
ss_05           154           6.9374         9.8368         8.9390         7.0205         5.8339
ss_05           155           1.4706        -0.8170         1.5189         1.9543         1.5241
ss_05           156           7.6866         9.9801        10.4252         9.3587         8.0849
ss_05           157           5.2527         8.8723        14.6314        17.3809        18.8045
ss_05           158          11.1591        15.4961        16.3090        11.8764         7.1316
ss_05           159           6.8900         9.9678        14.9515        16.4641        15.4314
ss_05           160          13.8684        16.8519        17.6211        15.4906        13.3034
