Filename       Segment   T268T308Fz-ASNM T268T308FCz-ASNM T268T308Cz-ASNM T268T308CPz-ASNM T268T308Pz-ASNM
ss_18             1           0.7928         0.6832        -3.1554        -2.5260        -4.5527
ss_18             2           1.1077         3.4193         0.0284        -5.1075        -6.6750
ss_18             3           2.0459         4.3515        -0.3419        -4.8404        -8.1117
ss_18             4           1.9130        -1.2409        -0.3756         2.1907         4.4750
ss_18             5          10.4703         6.8875         3.0583        -2.9414        -3.9382
ss_18             6         -15.5564        -5.1592         3.5296         5.1469         5.6369
ss_18             7          -5.4045        -2.6559        -0.5668         3.3361         7.9206
ss_18             8           1.9872         2.8282         1.9552        -2.2824        -5.6154
ss_18             9          10.3068         2.9087        -3.0158       -10.3227       -15.9660
ss_18            10           3.8274         3.8556        -0.6461        -2.6350        -5.2286
ss_18            11          -5.4695        -2.2219        -0.6506         3.9489         3.1930
ss_18            12           0.7926         5.0238         4.9110         2.8115         3.0225
ss_18            13           2.3474         1.3714         1.0216        -1.9114        -6.1989
ss_18            14          -6.1412        -0.4434         3.4121         3.6326         3.3588
ss_18            15           2.2133         1.1533         1.8013        -2.7906        -4.4850
ss_18            16           8.6847         0.9934        -0.3976        -2.0361        -1.7033
ss_18            17           1.2857         0.9664         0.5155        -0.4979        -1.0476
ss_18            18          -7.9706        -0.9342         1.4202         1.7110        -0.0869
ss_18            19          -2.2778         4.8629         4.4033         6.6083         7.7027
ss_18            20          -6.1192        -0.8867        -5.2154        -5.7530        -6.6294
ss_18            21         -14.1591        -1.2010         1.4211         1.8667         1.7823
ss_18            22          12.1465         7.7477         7.4649         2.9901         2.6320
ss_18            23          -2.9317         2.3664         2.2541        -0.2130        -2.1856
ss_18            24           0.0583        -0.9442        -1.2621         0.2894         5.0660
ss_18            25           7.4857         1.6143         1.4113         1.9150         3.8505
ss_18            26          33.7239        13.8269         3.1254        -6.7817       -11.0623
ss_18            27          -3.1171         1.5421         0.3957        -1.8249        -1.4742
ss_18            28         -17.6596         0.1710         1.2889         1.9059         1.7465
ss_18            29          16.9545         9.3268         2.1891        -2.2551        -0.2986
ss_18            30           2.6002         2.7030         1.5718         0.2444        -2.5006
ss_18            31          -5.2601         2.2300        -0.8041        -5.4286        -8.7426
ss_18            32           0.8315         0.9044         0.8568        -0.1527        -6.4673
ss_18            33           7.6180         5.0485         2.1432        -2.7748        -7.4425
ss_18            34           7.4113         7.4766         6.2175         2.3572        -0.5678
ss_18            35          -0.5376        -2.6357        -2.7686        -0.6552         2.0837
ss_18            36           5.0263         5.5091         0.3927        -4.7880       -11.4353
ss_18            37          18.3517         3.2547        -4.1617        -8.9387       -10.0970
ss_18            38          -2.7275        -1.0964         0.2582         2.1941         3.2379
ss_18            39          -1.0175         2.0595         4.7299         0.5695         0.3339
ss_18            40           1.3138        -3.9976         0.1931         1.1875         1.8871
ss_18            41          -7.7839        -3.8576         0.2081         3.6592         6.6096
ss_18            42         -61.5195       -18.2726        -6.3051         2.6238        10.3502
ss_18            43           8.9316         9.0874         3.9455         0.5694        -2.7550
ss_18            44           1.4506         5.0258         1.1706        -4.3407        -6.7823
ss_18            45         -23.3168       -12.5179        -6.9746        -7.0045        -8.3128
ss_18            46          -8.5798        -1.0826        -4.3019        -6.8350       -10.0032
ss_18            47           3.2247        -0.1465         0.0194        -0.2924        -0.5350
ss_18            48          13.4184         4.3937         2.9921         4.6858         4.1705
ss_18            49           3.2278         2.0458         0.1540        -1.1242        -3.3883
ss_18            50          -5.2003        -2.3308        -2.2384        -4.0946        -3.9210
ss_18            51          23.4273         7.8533         0.8243        -2.9443        -4.7745
ss_18            52           7.4058         5.5801         3.8044         3.3008         1.9219
ss_18            53           4.4005         3.9275         1.6887         1.1838         1.0973
ss_18            54          13.6068         7.8307         2.0823        -3.4686        -6.7182
ss_18            55         -15.6410        -6.0630        -3.4781         3.0415         5.5207
ss_18            56           2.4175         0.7917         0.0189        -0.7729        -0.9834
ss_18            57           6.8043         0.7099         1.6955         0.8212        -6.3914
ss_18            58         -16.3830        -5.9565         2.7011         1.6887         2.7301
ss_18            59         -48.6344        -7.4682         0.3177         2.2563         6.3657
ss_18            60          -1.8459         2.5420         2.2429        -1.1671         0.1127
ss_18            61         -22.5589         2.7485         2.9347        -1.2867        -7.1818
ss_18            62          -0.3619        -2.9582        -0.1383         2.2632         4.1907
ss_18            63          -7.5920        -2.6944        -0.8936        -2.7022        -5.3293
ss_18            64          -8.4570         0.5542         3.9049         2.0727         5.7021
ss_18            65          -4.4127         4.7419         5.6089        -0.9798        -3.3241
ss_18            66         -37.5772        -8.4152        -4.1938        -5.0794        -9.8968
ss_18            67         -44.6594       -11.8992        -4.7769        -0.2727         2.1470
ss_18            68          -7.0649        -4.3736        -1.8923         4.0005         9.0973
ss_18            69          -2.6681        -0.9588        -0.2349        -1.2708         2.2642
ss_18            70          -6.1025        -3.2863         3.2916         3.0375         1.3361
ss_18            71          -1.3438         3.8674         4.2331        -0.2514        -0.2779
ss_18            72          -6.3648         4.3842        -0.0487        -6.3852       -10.0834
ss_18            73          -0.0527         4.0501         4.6944         0.1192        -3.5790
ss_18            74           9.8125         5.8529        -0.1973        -1.0557        -3.5046
ss_18            75          -1.2099         4.2863         2.1901        -0.1073         1.6111
ss_18            76           8.9252         6.2313        -1.0650        -2.4987        -1.9164
ss_18            77          22.7350        12.0222         3.4140        -6.0667        -8.7874
ss_18            78         -10.4800        -2.5500         2.9354         4.2874        10.6475
ss_18            79           6.8707         4.0223         3.3255        -4.0425        -4.1034
ss_18            80         -31.7071        -9.9820         1.6366        10.1675        17.3165
ss_18            81          -0.8853        -4.5405        -4.1959        -3.5165        -1.7501
ss_18            82          12.2775         6.3113         0.9574        -0.8278        -0.4865
ss_18            83          -0.7064         3.7164         2.4966         1.4107         2.7268
ss_18            84           2.7358         3.7163         0.9484        -2.3382        -5.4627
ss_18            85          -4.3866         0.7279         3.4823         3.7087        -0.6264
ss_18            86          -4.3144         2.5790         3.1291         2.2258         4.1283
ss_18            87          12.6293         5.0863        -6.5768       -16.1103       -18.7784
ss_18            88         -18.9983        -1.6982        -1.2192         3.3490         3.4108
ss_18            89          -5.3425         3.1714         3.0505         3.5559         3.2985
ss_18            90           2.4234        -0.8173        -2.4346         0.9857         4.2721
ss_18            91           1.9192         3.0654         1.6839         1.3122         4.3664
ss_18            92           9.2117         8.7675         0.7068        -5.0814        -9.7919
ss_18            93         -14.8294        -6.5886         2.0163         6.5601        15.3983
ss_18            94           2.9220        -0.8963        -7.1585        -6.7506        -3.0552
ss_18            95         -28.7105        -5.9502         1.6001         3.0868        -0.9414
ss_18            96          10.4717         2.7664        -0.4845         1.6458         3.9585
ss_18            97           1.3179         6.3009         5.1386        -1.1772        -5.7387
ss_18            98          -2.0355         1.4748         1.0696        -0.5697        -2.5241
ss_18            99          10.1695         0.3804        -3.2114        -0.0629         6.4928
ss_18           100          26.2735         7.6590        -0.4328        -5.5160        -6.1212
ss_18           101           1.9812        -0.7668        -1.8303        -0.2705         1.9409
ss_18           102          -4.4641        -1.9413        -1.0067         1.1368         4.7165
ss_18           103         -10.2158        -4.0775         4.9400         7.6706         9.4298
ss_18           104           0.5754        -0.6571        -1.7389         2.0438         3.4829
ss_18           105           8.2040         8.2704         3.7231        -0.1081         0.1832
ss_18           106          -7.0459        -4.9498        -0.0695         0.9754         2.5256
ss_18           107          -4.1921         0.4815        -3.6890         3.0127        13.5760
ss_18           108           1.3558         2.1474         2.0252         0.6775        -1.5322
ss_18           109          -0.0936         7.4376         3.3586        -0.4034         2.0568
ss_18           110          -5.2166         0.4002         0.8019         1.1762         1.6311
ss_18           111           4.6915         4.5630         0.3412         0.8839         0.2790
ss_18           112         -22.6565        -3.4339         1.3845         3.0437         4.3735
ss_18           113          -3.1698         3.2841        -0.6546        -0.6934         1.6453
ss_18           114           8.7786         4.7257        -1.5794       -10.3502       -11.8654
ss_18           115           2.3500         8.3661        -1.9461        -4.6685        -3.7071
ss_18           116          45.9367        14.6578         5.3426        -0.9991        -2.6514
ss_18           117        -123.0191       -33.9546        -8.9547         4.8205         8.8442
ss_18           118          -8.5819         1.1993         3.8570         3.5521        -0.6374
ss_18           119           2.4626         2.2586        -0.2072         1.1576         1.9310
ss_18           120           0.7960         4.4919         2.7873        -2.1436        -4.2913
ss_18           121          13.2446         5.7321         0.0415        -1.7425         6.1567
ss_18           122          21.7724         1.5396         5.4187         4.8068         1.6801
ss_18           123           -.----         -.----         -.----         -.----         -.----
ss_18           124           3.2817         0.6252         2.9014         1.8325         2.8215
ss_18           125           2.5277         5.2949         3.6119         0.3188         2.0635
ss_18           126          -2.0249         0.8532         3.3164         5.3800         3.6181
ss_18           127          -5.0974         1.4073         0.6888         0.3277         1.8665
ss_18           128          -4.7093        -5.4197        -1.2034         4.6686         0.7239
ss_18           129           0.7530        18.3416         2.4158         0.6987         1.1418
ss_18           130          -8.9667        -7.4185         2.8952         8.6674        12.3745
ss_18           131           7.0824        10.7733         3.0387         0.9282        -1.5749
ss_18           132           9.3402         6.4080         2.6059        -2.1809        -2.0661
ss_18           133          -5.8005        -1.2534         2.2395        -2.4530        -5.4286
ss_18           134           2.4113         3.4451        -3.0201        -2.6481        -6.7477
ss_18           135           3.3958         0.2693         1.1296         0.6411         0.9735
ss_18           136           -.----         -.----         -.----         -.----         -.----
ss_18           137          -4.8876       -11.4402         3.7113         8.0471         8.2679
ss_18           138           2.0950         5.9348        -2.5394        -5.1594        -6.7713
ss_18           139           -.----         -.----         -.----         -.----         -.----
ss_18           140           -.----         -.----         -.----         -.----         -.----
ss_18           141           -.----         -.----         -.----         -.----         -.----
ss_18           142           5.1886        -2.4227        -2.6493        -3.0452        -1.5269
ss_18           143          -4.6282         1.3972         3.1109         4.8985         6.5967
ss_18           144          -1.3342         1.3640        -1.9121        -1.2741         1.7375
ss_18           145          -1.8228         1.0207         3.8288        -2.3705        -5.8257
ss_18           146          -2.3347         0.6605         1.9252         1.8827         6.9439
ss_18           147           1.4863         2.4808        -0.9381         0.0404        -5.6765
ss_18           148          -0.6866         0.2580         1.2588         0.9654         1.8898
ss_18           149          -1.3435         1.5772         3.5247         0.6842        -5.2526
ss_18           150           3.1334        -0.9438         0.3137        -2.9296        -5.9056
ss_18           151           4.0365       -10.5152         1.0509        -1.3177        -2.9476
ss_18           152           -.----         -.----         -.----         -.----         -.----
ss_18           153          -4.5820       -24.1060         2.4100         5.0114         7.2379
ss_18           154           2.0472        -3.0033        -0.6933         0.6061        -1.3754
ss_18           155          -2.2223        -9.2330         2.9624         0.9996        -2.9135
ss_18           156           -.----         -.----         -.----         -.----         -.----
ss_18           157           -.----         -.----         -.----         -.----         -.----
ss_18           158          10.1849         2.6169        -4.8772        -8.8172        -9.8089
ss_18           159           -.----         -.----         -.----         -.----         -.----
ss_18           160           -.----         -.----         -.----         -.----         -.----
