Filename       Segment   T268T308Fz-ASNM T268T308FCz-ASNM T268T308Cz-ASNM T268T308CPz-ASNM T268T308Pz-ASNM
ss_12             1          15.2437        10.9891         9.5885        10.6874        10.5132
ss_12             2         -11.9828        -5.6810        -0.2631         0.1730         3.7634
ss_12             3           4.7137         7.4992         9.7580         6.9306         5.6968
ss_12             4          -3.9796       -10.0696        -5.9138        -0.7027         3.7633
ss_12             5           5.5124         9.7735        11.6606        15.9716        14.5808
ss_12             6          -2.5617        -4.2154        -6.7482        -0.9728        -7.9041
ss_12             7          16.3182        23.9924        25.6295        25.6904        28.3810
ss_12             8           -.----         -.----         -.----         -.----         -.----
ss_12             9          -3.0616        -5.3898        -3.2275         6.6499        26.6938
ss_12            10           -.----         -.----         -.----         -.----         -.----
ss_12            11           1.2266         4.7908         8.8532         9.8384        13.2987
ss_12            12          24.6964        39.5605        24.8079        42.4472        55.9299
ss_12            13           0.2750         6.0705         8.7502        20.2913        41.9399
ss_12            14          -5.8089         5.1183         4.2770        12.0584        33.4372
ss_12            15          -0.8202         0.0944         8.6765        16.3361        22.0552
ss_12            16          23.4161        28.1522        24.6256        19.5069        19.0972
ss_12            17           7.9442         5.5621        -1.3941        -6.1423         3.6975
ss_12            18          21.3188        24.2834        32.9374        43.0326        42.2616
ss_12            19         -17.8809       -12.3297       -12.4959        -9.2174         1.4864
ss_12            20           -.----         -.----         -.----         -.----         -.----
ss_12            21          -5.8484        -5.7963        -5.2511        -1.6046         6.2590
ss_12            22          -0.4682        -2.8896        -3.4598        -2.9127         2.5261
ss_12            23          -9.2917        -4.2075        -1.1899        -4.6331        -4.0178
ss_12            24          19.9805        28.2390        20.4680        21.1248        21.2135
ss_12            25          23.0222        16.7654        12.6595        12.6333         9.8965
ss_12            26         -17.0061       -24.5608       -28.2068       -25.4942       -15.1688
ss_12            27          -0.8984         0.5051         4.6862         2.0117         6.8968
ss_12            28           0.8681         6.5336         5.8411        11.7864         6.8982
ss_12            29         -19.3069       -10.6726        -7.6407        -6.9727        -8.3923
ss_12            30           5.9953        12.0846        10.6334         4.3390        -0.4040
ss_12            31           0.7138         5.0747        10.7910        17.7011         7.5650
ss_12            32          12.9585        41.4843        27.6528        26.9971        17.2814
ss_12            33         -10.1906        -9.7418        -0.7513        -2.7383        -5.5814
ss_12            34          10.1435        12.7764         9.2880         8.8293        -7.5976
ss_12            35          22.7317        26.9584        28.5433        26.1053        21.6050
ss_12            36           8.3120         5.3885         3.5324         4.0377         8.3592
ss_12            37          -3.4640        10.1000         9.2404        22.0202        30.1151
ss_12            38          16.3692        13.7446         4.7629        -5.1921        -4.9676
ss_12            39           5.9052         9.9455        12.1135        15.3082        20.9763
ss_12            40          16.8247        21.7013        19.1265        17.2107        19.7542
ss_12            41           0.3039        -1.0142         4.9597        10.3797         5.0883
ss_12            42           3.2415         2.3657         8.3791        11.4802        14.6997
ss_12            43          26.9654        27.0631        39.3664        39.3135        34.5625
ss_12            44          -4.2045       -11.2805        -1.4178        12.1785        20.1252
ss_12            45           -.----         -.----         -.----         -.----         -.----
ss_12            46           -.----         -.----         -.----         -.----         -.----
ss_12            47          14.6623        16.5289        16.0224        20.4186        16.5333
ss_12            48           7.1080         5.1239         3.8456         3.9762         2.9216
ss_12            49          35.8428        19.3384         6.3292         7.2387        38.8979
ss_12            50          10.3396        11.9464         8.2615         8.1533         7.9785
ss_12            51          17.0819        18.4111        17.7200        17.2874        16.0501
ss_12            52           4.2096         6.6247         5.6626         6.5839         9.9966
ss_12            53           9.3237        12.4875        13.5617        16.8046        10.6296
ss_12            54           1.1324        10.5882        12.0287        15.4409        16.4425
ss_12            55          19.2419        20.0146        16.6559         8.3165         3.3727
ss_12            56          29.8813        38.2387        33.8602        32.7667        31.2688
ss_12            57          18.7399        28.4427        27.7551        29.5783        23.3321
ss_12            58           4.8300         6.5150         5.9069        11.6023         3.6332
ss_12            59           7.4501         4.9854         7.6067         7.7517        13.7852
ss_12            60           5.1129         5.3607        -0.5898         2.1938         4.7537
ss_12            61         -11.9496       -14.1875       -13.6940        -7.1346         7.4016
ss_12            62          22.7542        27.0323        31.6201        31.0498        31.5436
ss_12            63           6.0005         5.2495        14.5939        16.6863        13.8741
ss_12            64          -1.7665         3.1408         1.4637        -2.4637         3.5841
ss_12            65          -4.8022         4.9888        13.8432        15.0423        13.7783
ss_12            66           8.2413         9.3482         5.7685        10.3640        15.7256
ss_12            67          22.6832        10.6766        29.1398        32.6161        27.4004
ss_12            68          23.8362        24.0582        25.0973        16.2819        18.4092
ss_12            69          18.5605        24.3831        22.7876        19.8055        15.3812
ss_12            70          -7.8557        -4.5567        -1.2787        -4.2890        -5.1936
ss_12            71          14.1778        12.8958        14.1864        11.6859         4.7807
ss_12            72          -3.5293        -0.7989         5.2628        10.5278        15.5723
ss_12            73           6.9117        16.0994        22.1592        26.2449        22.3729
ss_12            74          -6.4235        -1.3834        -2.1161         3.9798         7.9848
ss_12            75          11.9138        -7.2542        14.2177        -6.1479       -11.4424
ss_12            76          20.4662        21.9546        14.9891         3.6759        -4.3313
ss_12            77          17.0903        25.8263        24.8240        28.5522        24.0130
ss_12            78          21.6484        20.7013        19.7566        18.8322        11.4968
ss_12            79         -15.5369        -7.9109         4.3847         4.4733        12.2792
ss_12            80           6.7087         9.9458        13.9047        14.7580        12.7474
ss_12            81           3.7145         1.2136         7.0887         4.4875         6.8269
ss_12            82          19.1159        22.8895        34.0926        28.0088        33.1017
ss_12            83         -17.9312       -13.2557        -6.0906        -5.2418       -24.9484
ss_12            84         -11.4224       -12.8764        -9.3969        -7.8410        -8.5729
ss_12            85          -0.9390       -10.1962        16.7137         9.0403       -45.6920
ss_12            86          -2.3584        -9.0773        -1.7043        -5.4523        -4.1923
ss_12            87          -1.0858        -1.6582         3.3279         1.6944        -0.6469
ss_12            88          -4.7094        -2.3010        13.1986        15.1085        10.7548
ss_12            89          19.7243        25.8209        20.7362        18.6441        14.0945
ss_12            90         -11.8897       -15.2816        -7.5891        -8.4374       -15.1839
ss_12            91          17.2197        19.9237        13.0534         8.4855         8.0977
ss_12            92         -11.7778        -7.8476        -5.3863        -0.2499        -5.0198
ss_12            93         -12.6502       -21.9628        -7.4681        -3.6102       -25.1827
ss_12            94         -10.8968        -3.7182         1.8682         2.3024         1.1522
ss_12            95          29.1170        27.7380        31.5197        32.4226        30.6786
ss_12            96           6.7349        11.7478        23.3374        18.7190         0.6539
ss_12            97           8.0312         8.0477         9.2421         4.1643         1.4180
ss_12            98          -0.3163         4.5034        13.7348         5.9687         2.0887
ss_12            99           1.8265         4.1093         8.1686        13.1246        20.5255
ss_12           100          13.4379         9.4011        11.7370         8.8505         2.2027
ss_12           101          -3.1213        -9.5530        12.0604         9.7479         7.3450
ss_12           102           7.6916         9.3646        14.4550        20.8898        22.5537
ss_12           103           7.4685         3.1121         7.9300         8.8887        13.4747
ss_12           104           0.8747         3.2483        13.2055        19.4599        14.1292
ss_12           105          14.2121        15.1155        19.3435        19.3682        11.9673
ss_12           106         -13.7232       -13.9790        -8.3432        -3.6826        -2.3739
ss_12           107          17.6061        14.7407         7.1316         6.5328         5.7157
ss_12           108          19.1236        24.6339        26.6094        32.9683        26.0664
ss_12           109           3.6505        10.2381         8.5882        16.7217        12.3723
ss_12           110          20.6741        26.5009        31.4387        33.5426        29.9974
ss_12           111         -11.4813       -23.2917       -12.2999        -9.3574       -26.4064
ss_12           112          13.4212        20.8615        23.0048        27.0801        24.5661
ss_12           113           7.8194       -27.9948         9.2416        -4.0543       -83.8032
ss_12           114           2.5620         5.1781        11.0549        11.2869         4.3133
ss_12           115          -4.9667         1.7811         0.1882         5.3661         3.8537
ss_12           116         -22.0651       -17.7213       -12.1112        -4.9535         1.5645
ss_12           117           -.----         -.----         -.----         -.----         -.----
ss_12           118           3.9691         7.0162         6.1537        14.0327        17.3288
ss_12           119          23.1729        19.9760        25.9981        29.5296        28.2868
ss_12           120           4.9411        14.6902        18.8959        24.0395        38.9540
ss_12           121          19.4798         3.6781        -0.4117        -3.7255       -13.3342
ss_12           122           1.1375         2.9739         7.4293        14.3763        16.5065
ss_12           123           3.6145         8.0523         5.1355        11.9821        18.6731
ss_12           124           2.8439         5.2493         8.4957         8.9045         9.7008
ss_12           125          -7.8044        -7.2336        -3.1528        -0.3653        -5.1987
ss_12           126          11.6354        20.4490        20.7138        23.7497        24.8119
ss_12           127           6.6722         7.7405        15.8679         7.3877         2.5173
ss_12           128         -26.6092       -22.4654       -17.9718        -7.8966         0.4047
ss_12           129           6.3343        12.2513        12.6650         9.5020        13.1861
ss_12           130          15.2700        22.3831        23.8648        25.9718        25.3949
ss_12           131           0.8500         4.8708        10.4393        14.5609        11.3118
ss_12           132         -10.2776        -6.2203        -5.7599        -2.9280         4.2931
ss_12           133          -6.2487        -1.4199         1.0369         2.8455         4.8586
ss_12           134          36.9174        42.7462        43.0792        51.2950        47.7176
ss_12           135          15.8920        14.0260        15.1379         7.6117        11.7751
ss_12           136          -4.2078        -1.4345        -6.3633        -0.9994         5.6152
ss_12           137         -15.8490       -17.9583       -13.9898       -10.8153        -6.3673
ss_12           138          25.3944        26.4838        30.7313        38.1466        34.6078
ss_12           139         -14.4098       -10.0466        -4.9468         0.3981         5.4741
ss_12           140          15.8734        18.7618        22.7804        24.9003        20.8777
ss_12           141           4.1322         0.5270         5.1495         5.4048         3.4631
ss_12           142          25.1234        29.7259        30.8955        33.5515        32.3859
ss_12           143          15.5011        18.5262        23.0614        21.7640        24.5561
ss_12           144          13.0584        14.5972        22.5222        29.5059        26.9565
ss_12           145           0.6446         4.6456         8.5906        10.8097        14.2149
ss_12           146           6.3713        10.7905        13.0454        17.5592        15.5570
ss_12           147          12.9649        13.0192        17.0253        26.7338        26.5071
ss_12           148          -8.1134        -7.2345       -10.0207        -8.3197        -6.5703
ss_12           149          -8.1734        -8.2799       -10.3380        -9.2313       -12.5701
ss_12           150          -2.3122        -1.1713         0.4295         7.1930        10.1550
ss_12           151           0.5875        -3.7051        -6.0165        -3.1732        -1.2100
ss_12           152          20.7355        21.4917        18.2057        15.4537         7.6430
ss_12           153          23.9402        29.5624        34.7184        36.4932        35.6500
ss_12           154         -20.4682       -13.9483        -7.1120        -3.3242         3.6975
ss_12           155          10.1983        11.1757        20.1304        20.6478        26.7363
ss_12           156           6.6301        14.7259        15.7507        12.6776        10.9161
ss_12           157         -10.5511        -7.9111        -5.0861        -0.7050         4.5672
ss_12           158          -1.5242         3.5654         6.3286         5.1737         5.2038
ss_12           159           8.7338         2.0538        -2.4188        -7.9686       -13.5244
ss_12           160          -2.8703         5.3043         9.3320        21.2547        26.5449
