Filename       Segment   T260T300Fz-ASNM T260T300FCz-ASNM T260T300Cz-ASNM T260T300CPz-ASNM T260T300Pz-ASNM
ss_10             1           5.4627         6.8868         7.4487         6.1252         0.5594
ss_10             2          -3.4595        -3.5311        -5.9018        -6.5436       -11.1958
ss_10             3          -0.5299         6.1497         5.5111        10.5446        10.5147
ss_10             4           5.1133         1.4262         1.5150        -1.6924        -2.7138
ss_10             5          12.2087        15.2759        17.9950        12.6509         8.4316
ss_10             6           0.7164        -5.2052        -4.0717         1.4209        -2.7213
ss_10             7          11.7976        15.4740        18.2625        17.6940        15.9523
ss_10             8           8.5923        14.4721        16.7833        19.8627        19.6300
ss_10             9           3.2729         9.7323        16.1089        16.2522        18.4679
ss_10            10           8.4401        14.0398        19.9453        21.8803        22.3514
ss_10            11          12.2731        13.3357        12.9849         4.6319        -2.0400
ss_10            12          -0.1194         2.6380         7.6544         0.9128         2.6189
ss_10            13          -1.8444        -3.5900        -4.4638        -4.8365        -6.8924
ss_10            14           8.9522        12.0428        18.3389        20.1069        20.4901
ss_10            15          21.6509        31.2384        37.1074        35.7934        33.4221
ss_10            16          23.2294        21.5954        25.1993        21.4369         6.9223
ss_10            17          25.2383        27.1804        31.2737        33.5001        16.1688
ss_10            18          15.5442        16.9508        21.8796        12.7375         6.4481
ss_10            19           0.6399         8.4791        13.3015        15.9885        19.0489
ss_10            20          -5.4720        -7.3901        -4.3196        -5.3606        -1.1664
ss_10            21           6.5948        11.4117        14.3381        18.7055        19.8759
ss_10            22           3.5646         8.7294        13.7109        18.0022        14.6871
ss_10            23           0.2580         0.5435        10.2287         5.7465         7.4730
ss_10            24          -1.8589        -1.2541        -0.6197        -0.8033        -1.2279
ss_10            25           8.9105        13.5444        18.9649        17.5140        19.1050
ss_10            26           1.5273         3.7778         6.7945         6.5893         7.4892
ss_10            27           3.8655         4.2100         6.5145         4.5908         4.8836
ss_10            28           9.7188        13.9630        12.3513        11.0351        14.3172
ss_10            29           4.5032         2.6296         2.7683        -0.5278        -6.1523
ss_10            30           2.8407         1.8659         8.6090        -2.0870        -3.3607
ss_10            31           6.9426        12.3105        12.2094        15.5937        13.3255
ss_10            32           3.0226         4.9569         7.8139         8.2388        12.2911
ss_10            33           3.4098         2.2511         0.1317        -2.6579        -7.1965
ss_10            34           6.6404         9.8947         7.1576         9.0135         8.8643
ss_10            35          18.7498        23.7228        25.4966        25.0331        23.6619
ss_10            36           0.4637         3.9699         9.4715         2.0415         4.8095
ss_10            37           1.1966         3.3158         4.4029         2.7961         2.0516
ss_10            38           9.5986        16.4538       -13.2221        15.8088        27.0471
ss_10            39           3.7686         5.9352        10.6139        11.9735        14.3685
ss_10            40          -3.7915        -2.4624        -1.7148         5.8055         8.3711
ss_10            41          13.8004        17.5762        46.0106        25.7062        25.3275
ss_10            42           1.6095         5.3585       -16.0106        17.9393         4.4806
ss_10            43           8.7931         9.6709       -10.9866         8.6309         4.0522
ss_10            44          -0.3142        -1.7566        -8.4722         1.5946        -5.6130
ss_10            45           9.9459         9.4799         9.8530         7.9903         3.4539
ss_10            46           1.4677        -3.6388        22.5515        15.1239         5.3269
ss_10            47          14.3072        20.4156        24.8360        22.6829        24.4457
ss_10            48          14.1186        18.6215        26.0757        23.8090        22.9937
ss_10            49          11.2542        16.0550        21.4148        35.5273        28.8396
ss_10            50          10.2287        12.0762         8.4189         7.2084        -0.9102
ss_10            51          16.1929        22.7130        22.7342        23.3041        21.6522
ss_10            52           2.0522         3.1697        17.3673         4.5357        16.6842
ss_10            53          12.3216        12.7542        15.3052        14.5229        13.0532
ss_10            54           5.0488         9.2066         9.9467        11.7143        10.1164
ss_10            55           5.8229         5.4369        -0.2251         8.2890        -6.1530
ss_10            56          -0.1203         2.2954         8.4834        10.0606        10.1566
ss_10            57          11.3169        14.9215         9.4963        26.4153        16.0051
ss_10            58           5.4122         9.4722        17.0857        19.9094        19.9154
ss_10            59           7.8520        12.3683        20.9409         9.6004         7.0264
ss_10            60          15.0402        22.0548        24.1000        31.6363        24.3764
ss_10            61          -2.3165        -1.6613         0.8825         1.1646         2.4102
ss_10            62           7.5108         9.0303        12.8334        12.5600         9.6397
ss_10            63          -0.8002         0.4170         2.2976         2.0489         5.1939
ss_10            64           1.1495         2.0100         3.7326        -0.7597         3.4453
ss_10            65           7.6722        12.5462        15.6019        22.3269        15.2179
ss_10            66          13.5393        10.1958        28.8311        17.7569        -0.9031
ss_10            67           3.4975         5.5672         7.4621         9.3186        11.1560
ss_10            68           9.0220        12.0661        12.7393         8.8075         5.5033
ss_10            69          18.3684        25.0792        28.2890        27.3234        27.6446
ss_10            70           3.1741         1.3307        -5.9089         6.4141         7.4292
ss_10            71          10.9552        14.8099        17.1238        14.9362        14.8460
ss_10            72           2.9259         6.4309        10.0676        11.7502        13.2706
ss_10            73           3.6729         4.2810         4.9448        14.9747         5.4237
ss_10            74           1.2584         1.4170        -4.0132        -5.8663        -9.4951
ss_10            75           1.0497         2.9690        10.4641        14.8028        12.8188
ss_10            76           0.2789         5.3619         9.0313         3.9939        11.7411
ss_10            77           2.0815         1.4206         0.7276         5.5013        -0.4245
ss_10            78          12.4967        16.4940        20.0873        21.5115        43.1924
ss_10            79           8.4036        10.8900        13.2530        10.5623        16.3931
ss_10            80          21.4204        20.1149         9.5040         5.2985        -2.4034
ss_10            81           0.7603         3.8784         2.0085         4.1898        -0.4079
ss_10            82          13.0281        20.4586        26.5352        31.5922        33.7540
ss_10            83           5.2382        10.8329        17.0084        22.0691        25.5633
ss_10            84          -1.5822        -3.3442        -3.4131        -1.6676        -7.6567
ss_10            85           8.8338        12.1696        17.3227        16.9384        15.5425
ss_10            86           9.2602         8.3025         9.7520        -0.5482        -0.2733
ss_10            87           5.3859         8.5485        13.9970        14.7963        15.8811
ss_10            88          -1.7840        -4.4345        -7.4754        -9.0171        -7.1533
ss_10            89           5.2424         5.1184        -6.9421        -4.6725         9.7532
ss_10            90          17.3303        22.5401        32.6575        33.0949        33.0932
ss_10            91           5.8557         5.8342         1.9638         9.5931        10.1780
ss_10            92           5.1856         9.3007        17.5901        22.8865        23.8231
ss_10            93          17.8434        22.2263        22.4147        22.4716        12.3583
ss_10            94          12.9497        13.2999        16.8778        24.4346        15.8859
ss_10            95           4.4213         8.4317        17.2196        21.2435        21.6757
ss_10            96          -3.1326        -3.8532        -5.8735        -6.1081        -2.6728
ss_10            97          -8.3882       -10.4593        -7.6740        -3.3284         2.4121
ss_10            98           9.9006        14.8033        16.0445        19.9863        22.0189
ss_10            99           7.7718         7.3719         8.9573         5.9991         4.4364
ss_10           100           9.6750        15.0524        20.7610        24.0108        24.7816
ss_10           101           5.5172         9.7425        11.9322        10.5026        11.6356
ss_10           102          14.1396        22.0262        30.3487        27.4373        39.0512
ss_10           103          -3.5885        -1.9383         2.0191         7.7259         7.8181
ss_10           104          10.9646        16.3950        16.8312        16.8100        14.4545
ss_10           105           6.4507         7.4561         3.1543         0.6017         1.3756
ss_10           106           5.6259         9.6842        13.1728        16.2593        17.8564
ss_10           107           2.5220         5.1781         9.3788        10.9687        11.9814
ss_10           108           9.4381        13.2470        18.0787        19.6761        18.6523
ss_10           109           2.0600         2.0793         2.0111         3.5290        -4.2933
ss_10           110          -0.5237        -2.1395         2.3866         1.0807         2.9484
ss_10           111           0.9843         4.7474         9.7238        16.4550        15.5070
ss_10           112          -0.6373        -0.2071         1.2627         5.6487         5.3080
ss_10           113           7.5393        11.3849        14.1489        18.4250        20.6382
ss_10           114          10.5485        15.3389        21.0512        22.0414        20.4419
ss_10           115         -13.5431       -12.4157       -33.1405        -8.7747         1.0798
ss_10           116           3.5391         5.6509         5.2833        11.7302         7.7303
ss_10           117           6.7669        11.2865        11.4269        11.9734        12.7280
ss_10           118          12.0394        14.9904        14.5317        13.4027        12.8745
ss_10           119           9.3883        10.9175         8.6299         7.1148         7.5278
ss_10           120          13.2024        12.1677        10.7956        17.7660         5.9855
ss_10           121           3.3479         3.3325         5.1502         3.4677         2.0859
ss_10           122           5.3147         5.6224         4.6402         2.4770         2.0802
ss_10           123           3.3920         3.6336        14.8224        11.9419        13.3986
ss_10           124           3.0612         7.6628        10.2284        13.6066        13.5564
ss_10           125          -2.4716        -4.6212        -8.5488        -8.4966       -11.4847
ss_10           126           5.4874         5.6720         8.1878         7.0770         3.9453
ss_10           127           0.0744        -1.1329         1.4070         1.6527         3.1532
ss_10           128          14.4607        22.2175        36.6572        32.2664        31.5310
ss_10           129           5.1674         5.0466         9.8113         1.1670         4.2473
ss_10           130          12.5873        20.7095        25.5316        30.7730        27.9048
ss_10           131           3.0135         4.7204         4.4904         5.0793         4.7746
ss_10           132           0.7690         3.9172         7.0509        11.9991        14.5202
ss_10           133           1.7307         4.2370         4.3113         5.9967         6.5479
ss_10           134           4.6496         5.9795         6.3533         6.1175         2.7162
ss_10           135          15.5767        20.0180        17.3082        20.1977        17.2404
ss_10           136           9.2040        10.7032        13.5398        18.5600        -1.0617
ss_10           137          11.2671        19.1873        20.3289        23.8597        23.0704
ss_10           138          11.4450        15.6839        22.7540        11.3547         7.3623
ss_10           139          -8.6482       -11.1361       -10.5069       -12.2868       -10.0644
ss_10           140           1.8278         3.3173         3.5507         5.3958         5.7549
ss_10           141           8.9278        13.3655        16.3214        18.6644        18.8015
ss_10           142          11.9972        18.4709        17.9559        22.6980        13.7789
ss_10           143          11.3460        18.1812        22.2405        26.3328        22.0041
ss_10           144           6.6173         4.3002         9.1264         1.5174         1.4927
ss_10           145           4.7202         6.7362         4.8570         3.8453         0.6206
ss_10           146           3.5456         7.0984         8.9287         8.8014         8.4680
ss_10           147           0.9571         4.0159         6.5890         7.5686         5.7779
ss_10           148           1.8182         4.9810        10.0784        16.2478        16.5576
ss_10           149           8.0881        12.1591        10.0825        12.8216        17.0112
ss_10           150          -2.7461        -4.7076        -9.1093        -4.9217        -6.6692
ss_10           151           2.2692         2.5187         1.4196        -1.9674        -3.1836
ss_10           152          -2.9207        -5.9003        13.0342        -6.8301        -6.9039
ss_10           153          15.3283        19.1478        16.2276        27.7539        23.7225
ss_10           154           4.0461         8.3267        14.6365        15.8073        16.4469
ss_10           155           1.6818         0.5215        -1.0246         2.8592        -4.9880
ss_10           156           4.5055         5.1774         2.0409         0.4349        -1.9534
ss_10           157           7.8450        10.0835        15.4599        13.7819         8.9811
ss_10           158          11.0316        15.9399        18.3585        17.9046        18.6902
ss_10           159           7.7185        10.9157        15.2974        15.9536        14.4339
ss_10           160           7.8030        10.6679        13.5322        11.9998        13.0483
