Filename       Segment   T228T268Fz-ASNM T228T268FCz-ASNM T228T268Cz-ASNM T228T268CPz-ASNM T228T268Pz-ASNM
ss_17             1          11.4848        18.9540        12.8392        11.0289         7.6630
ss_17             2           2.8253         4.6934         3.5955        -0.3526        -2.7275
ss_17             3           4.8313        12.7742        10.4537         5.5631        17.7964
ss_17             4           9.1701        -0.7677        -0.6733         4.2408        19.0822
ss_17             5         -10.8121        -6.1270        -8.4365       -14.5966       -11.4483
ss_17             6           3.2016         6.0011         6.4994        13.8677        16.9842
ss_17             7           5.8492         7.9509        13.0547         9.1808         8.7666
ss_17             8          -1.5562        -5.2356        -2.3201         0.5648        -3.7119
ss_17             9          -1.1675        -0.6992        -1.5027         0.5180         1.3921
ss_17            10           8.7325        15.3574        21.7438        16.5143        18.0370
ss_17            11          -4.5143        -4.8965        -8.0355        -9.4574        -8.4668
ss_17            12          -5.1612        -3.1089        -6.8954        -7.8995        -3.5260
ss_17            13           5.8066         9.1268         7.6888         8.3821         2.6844
ss_17            14          -6.5195        -6.9869        -6.4130       -12.2208        -3.1687
ss_17            15         -16.2289        -9.7915        -5.8495         6.2181       -10.0283
ss_17            16         -23.3003       -19.8233        -7.4730       -20.7521       -27.6864
ss_17            17           4.9524        -5.9020        -2.3128        -0.6703         0.3150
ss_17            18          -7.1089         4.2504        10.8823         1.6941       -12.6444
ss_17            19          -6.1388        -3.0374        -0.3527        -1.1663         6.2068
ss_17            20          -1.3607         0.9730         5.9046         3.5860         5.9379
ss_17            21          -4.9927        -6.5606        -9.5142        -9.7200        -8.7904
ss_17            22          -3.7867       -10.4919        19.0830         4.7022        -6.4004
ss_17            23           2.1042         7.5341         4.4590        -1.2332        -6.7973
ss_17            24           -.----         -.----         -.----         -.----         -.----
ss_17            25         -37.4443       -29.8639       -19.3271       -54.2406       -34.0576
ss_17            26           -.----         -.----         -.----         -.----         -.----
ss_17            27         -22.8549       -27.0291        -7.5879       -15.3710       -16.0606
ss_17            28           1.9631         3.5675        14.0428        -4.4287         8.8577
ss_17            29           5.2364        10.6456        20.1347        35.4165        17.8065
ss_17            30           -.----         -.----         -.----         -.----         -.----
ss_17            31          -0.0124         2.7323         2.7080        -3.3013         2.2396
ss_17            32         -14.0182         1.8134       -22.7340         1.0137       -16.9819
ss_17            33           0.2256         2.3313         3.7565        13.6741        10.6096
ss_17            34           1.4151         6.4231         1.2628        -2.7777         0.5933
ss_17            35          58.8394        -4.7030        17.6647       -22.4878        -5.8099
ss_17            36          14.7875        16.6814         4.5604        20.9255        28.0975
ss_17            37          70.6577        19.2022        -2.8744        55.0786       109.5251
ss_17            38           -.----         -.----         -.----         -.----         -.----
ss_17            39           -.----         -.----         -.----         -.----         -.----
ss_17            40           -.----         -.----         -.----         -.----         -.----
ss_17            41           3.5757         6.4211         1.8771         6.2086         1.2575
ss_17            42           3.4521         0.3436         6.6948        -1.7861        -2.6958
ss_17            43           7.1281        -7.8882       -10.3352       -17.1013        18.3137
ss_17            44         -36.8029       -30.0989        -9.6086       -44.4645       -37.5293
ss_17            45         -17.9560       -22.1299        -8.4290       -27.2699       -12.2961
ss_17            46           6.2124         6.4355         0.4689        -2.7967        -4.5209
ss_17            47          15.1012        15.1053        -1.1508        42.7238        34.9842
ss_17            48         -32.9516       -17.3387         3.5131       -49.0104       -28.9803
ss_17            49           0.2352        -2.5077         2.5849         3.4905         5.6778
ss_17            50          36.0751        25.0829       -15.1038        74.3081        88.4886
ss_17            51          -2.9367        -3.1616        -3.4036       -11.4291        -8.9836
ss_17            52          -4.6071        -2.5233         3.3916        -6.7650       -11.2903
ss_17            53          -4.4629         5.4131         4.8417         0.6383        -4.3192
ss_17            54           -.----         -.----         -.----         -.----         -.----
ss_17            55         -34.2128       -19.9467         2.9099       -50.6397       -40.7138
ss_17            56          -9.4837        -8.2179        -3.5647       -16.7549        -6.3848
ss_17            57          31.5033        11.2277        22.2785         2.4009        -0.5283
ss_17            58           -.----         -.----         -.----         -.----         -.----
ss_17            59          -2.1212        -1.7900        -0.5060        -7.5262       -25.6189
ss_17            60          73.2908        45.3627        -2.5695        80.7998       139.8033
ss_17            61         -18.4619       -18.1484       -15.1747       -49.5173       -73.3402
ss_17            62         -13.7515       -10.8975         3.1727       -20.0452       -24.5008
ss_17            63         -33.7147       -29.1702        -5.8924       -42.0730       -42.3167
ss_17            64          -7.9253        -5.0748       -11.7874        -9.6051         0.3038
ss_17            65           8.5858        19.5911        -8.6601        51.3463        23.7591
ss_17            66           -.----         -.----         -.----         -.----         -.----
ss_17            67         -25.2257       -14.9152       -19.9351       -15.0390       -26.2341
ss_17            68           0.8043        -2.4317        -3.2885         4.2213         1.3543
ss_17            69           1.3754         7.2331         1.7883        29.8660        28.7524
ss_17            70           4.9884         7.1228         7.3085         4.5198         2.8882
ss_17            71         -11.2945        -1.5281       -16.9149        13.4506         1.8429
ss_17            72          -0.1217         3.3449        -1.1945         1.7084        -0.5474
ss_17            73          -1.2434        -2.8189        10.0466         1.9663         9.0381
ss_17            74          -0.6433        -3.1331         0.6651         2.7015        31.8985
ss_17            75          -7.8144        -1.4989         2.5282       -11.6633       -11.2258
ss_17            76           5.4631        -1.2440         3.3930       -12.1852       -14.6923
ss_17            77          -7.0417        -4.3740        10.2397        -3.1126         4.9691
ss_17            78          -2.8610        -4.7056        -0.8994        -4.9364       -10.1198
ss_17            79          -8.4339        -9.2110        -5.8783        -8.6921         9.7615
ss_17            80         -10.5240        -9.1573        -4.1301        -0.4783        -1.2459
ss_17            81          -2.3743        -3.0596        -0.8773        -3.2709        -3.5117
ss_17            82           0.1900         1.9249         4.6141        -1.5521        -0.2353
ss_17            83           0.7967        -3.4828        -0.4686        -0.7730        -3.4326
ss_17            84          -5.6649         4.8062         8.1725         8.2102         6.5423
ss_17            85          -7.2690        -9.6352        -1.5999        -0.3827        17.8868
ss_17            86          -1.9626        -0.8081        -2.4906         0.2391         3.8037
ss_17            87          -0.6749        -1.7001        -3.4698        -2.3459        -5.7590
ss_17            88           3.2709        12.3282         6.7055        -6.5454       -16.7697
ss_17            89           1.4311         0.9492         2.7333         1.7895         3.0351
ss_17            90          11.3693        16.0531        16.2320        15.2037         4.5986
ss_17            91          -5.6979        -8.1243        -5.8269       -12.0396        -7.4711
ss_17            92          -3.3206        -0.2309         2.5406         2.5678         7.2201
ss_17            93         -16.2667       -17.7758        -8.3215       -16.0673       -10.3250
ss_17            94          -7.4047       -12.9099       -10.2812       -11.4809       -10.0256
ss_17            95          -0.9593        -0.8956        -0.5981         0.1359        -1.3592
ss_17            96          -6.0805       -10.8800       -13.1804       -15.8809       -14.0753
ss_17            97           0.1330         1.8168         6.3600        10.4478        11.4334
ss_17            98         -29.0783       -42.1637       -33.3417       -29.5770        -8.5239
ss_17            99          -1.5426         1.2855         1.7199         3.0260         4.6489
ss_17           100          15.3030         8.8881        -7.0533        12.8041        -4.0388
ss_17           101         -12.1832        -9.4191       -11.7067        -5.8688        -1.9943
ss_17           102           8.6434        13.2283         3.9350        13.5765         4.6549
ss_17           103           4.3137         3.2050         7.1429        10.4828         5.8459
ss_17           104           1.6282         3.8333        -1.0767        -2.1856        -2.0556
ss_17           105          10.8472        17.4931         9.2499         9.3961         2.1890
ss_17           106           8.0851         8.3956         7.7591        12.2693         7.4607
ss_17           107          -0.5328        -0.8075         3.3856         6.3815        11.3270
ss_17           108          -0.8789        -9.1522        -8.7777        -3.0769       -16.9099
ss_17           109           2.4163         3.1720         5.8448         2.5199         3.5474
ss_17           110          -6.3398        -3.2609        -2.0895        -5.6386        -2.7400
ss_17           111          -6.4116       -10.2386       -13.7894       -11.9516       -10.4800
ss_17           112           1.3668         2.7901         2.8957         7.3581         3.6476
ss_17           113          -0.5578         1.8226         4.2911        11.3833        13.1955
ss_17           114         -12.2165       -10.2567        -3.2960        -4.5863         1.7490
ss_17           115          -1.0001         3.9283         5.9007        12.4185        13.0874
ss_17           116           6.6497         4.6997        17.0301        10.4142         8.3729
ss_17           117         -14.8405       -28.2921       -13.9790       -18.8274       -14.5201
ss_17           118           9.6861        14.4075        15.7513        10.6092        10.9630
ss_17           119           3.5815         4.3470         7.7273        12.1613         7.1487
ss_17           120          -0.4737        -9.6956         0.3824       -20.4937         4.0869
ss_17           121           6.6848         8.2073         6.0993        21.0590         4.3458
ss_17           122          -0.0593         3.8689        -1.9247        -0.3201        -1.0579
ss_17           123          -1.8284         0.8873         7.0280         4.8284         5.0868
ss_17           124         -21.9112        -7.8528       -15.2432         6.3173        -1.7985
ss_17           125           1.9681         3.1693         4.8458         6.0707         2.7381
ss_17           126          -2.9317        -8.4182       -11.1487       -13.5357       -13.3657
ss_17           127           8.7820        15.2343        14.9964        14.4797        10.2474
ss_17           128           0.1150         1.7248        -0.1312        -6.8145        -0.8550
ss_17           129          10.6415        13.0768        16.1158        16.5344         8.6745
ss_17           130          -2.9514        -8.1933        -3.1491       -15.8056        -3.1137
ss_17           131         -13.9550       -23.1156       -14.5711       -41.2221       -29.3355
ss_17           132           5.7426         6.2547         9.9775         8.7698         6.5025
ss_17           133           5.1118         4.8041         4.1303         7.5684         2.8164
ss_17           134          -0.3590        -2.5721        -5.2030        -3.0232        -4.6998
ss_17           135          20.3702         7.8905        16.5095         1.0963         5.6284
ss_17           136           6.6047         9.9146        12.8462        12.0467        10.3725
ss_17           137         -36.6512       -26.8351        -1.9707       -22.7316        13.8363
ss_17           138          -1.4452        -1.9043        -5.0308        -2.8999        -3.0265
ss_17           139           3.2739         6.2425         4.8629         4.4741         2.5703
ss_17           140         -10.6182       -20.3270        -5.1202       -14.5618        -5.2318
ss_17           141           0.6898         3.1189         4.9606         7.1413         4.5403
ss_17           142           0.4136         2.2981         1.3623        -1.5855         1.2885
ss_17           143          -0.9927        -0.8450         2.1594         6.1311         7.2127
ss_17           144           4.6213         0.3613         3.6984         2.0654        -0.9598
ss_17           145           5.8623        11.7933        14.4491        11.1735         9.7311
ss_17           146         -15.0332       -13.0689        -8.9878       -11.6408         2.3456
ss_17           147           3.1619        11.6235         6.8423         7.4098         0.5257
ss_17           148           0.1027         0.9159        -0.1985         2.8342         0.8654
ss_17           149          15.4519        28.2335        18.8349        30.7453         9.2778
ss_17           150           3.6634         9.7534        14.1126        15.9115         7.9405
ss_17           151           9.8160        12.2936        14.9304        14.3029        11.3200
ss_17           152         -35.2235        -8.6520        -2.3598       -23.2227       -45.3440
ss_17           153          -4.0803        -0.9277         4.2551         4.6500         8.4646
ss_17           154          23.9782        45.4877        68.3770        62.8072        54.1897
ss_17           155           4.7120       -16.2435       -11.8340       -59.9987        60.3165
ss_17           156         -19.9349        -0.4928        -4.2513        18.1126       -32.9496
ss_17           157         -10.9912        -8.5990        -7.6732       -12.7083       -18.4446
ss_17           158           8.6850        15.6459        16.8219        20.1797        17.1691
ss_17           159          -0.3594        -1.1214        -5.4828        -6.0320       -10.3946
ss_17           160          -2.5940        -3.0588        -1.9215         4.6464         3.8389
