Filename       Segment   T296T336Fz-ASNM T296T336FCz-ASNM T296T336Cz-ASNM T296T336CPz-ASNM
ss_22             1          -5.7019        -8.6742       -13.1343       -15.2952
ss_22             2          14.1192        10.2751         5.5239         3.0806
ss_22             3           1.3739         3.8120         4.4310         5.2252
ss_22             4          11.7500        14.0776        21.3758        26.2328
ss_22             5          31.5331        31.3378        19.3959        12.7140
ss_22             6          14.5220        17.6678        16.6702        17.4525
ss_22             7           5.2244         3.5220         8.1256        10.1757
ss_22             8           9.9599        11.0028        18.4296        24.8065
ss_22             9          15.6411        20.3951        11.2076         2.5347
ss_22            10          -6.1013        -6.1167        -5.6277        -0.5002
ss_22            11          16.7666        16.3332        16.4596        16.1855
ss_22            12          20.2767        24.8664        24.0312        25.6866
ss_22            13          23.7824        26.6293        22.2848        19.5272
ss_22            14           6.2523        12.9799        18.5690        24.2881
ss_22            15          29.7673        34.4675        33.0469        34.0830
ss_22            16          19.6013        27.2673        32.3686        38.6178
ss_22            17          12.9120        17.0345        15.0604        13.1494
ss_22            18          37.0365        34.2873        30.5968        27.1457
ss_22            19           7.9920        10.8992         8.9643        13.1939
ss_22            20           2.1511         3.8171         2.5100         3.5464
ss_22            21          17.5063        21.6345        27.4254        33.1474
ss_22            22          17.3168        21.3510        30.1016        27.0821
ss_22            23          12.5312        10.5723        14.7246        13.8331
ss_22            24          14.9627        16.8948        14.0560        20.5438
ss_22            25          21.0062        26.9354        21.8540        19.5825
ss_22            26          42.1319        46.8355        45.1008        39.3618
ss_22            27          16.6921        17.1081        10.6781         9.8428
ss_22            28          20.0941        26.2214        35.7851        38.0194
ss_22            29          22.5726        29.6366        30.5180        36.1776
ss_22            30          21.9622        22.2693        27.2239        29.3779
ss_22            31          34.2467        39.2027        36.5526        34.7154
ss_22            32           7.6125         9.5638        15.2920        18.7430
ss_22            33          29.5323        35.3581        32.7796        31.5792
ss_22            34          -6.7612        -8.6669        -2.1454         1.9174
ss_22            35         -17.3067       -14.2451       -14.3215        -4.1489
ss_22            36          -1.8483        -3.4718        -6.9935         1.7964
ss_22            37          25.1944        32.0688        31.6942        25.0224
ss_22            38          23.1137        24.7926        25.8263        30.5710
ss_22            39           3.8773         4.9014         3.3892         7.5170
ss_22            40          14.5816        17.9103        15.7242        14.7950
ss_22            41          29.2649        31.6131        23.9035        19.8827
ss_22            42          23.9605        30.6753        29.0409        34.3589
ss_22            43          40.0773        47.7840        45.3303        33.1560
ss_22            44           2.3125         5.5692         9.5347        15.9181
ss_22            45           3.3129         5.1011         6.1285         7.1383
ss_22            46          28.9086        37.6408        34.1621        33.3139
ss_22            47          39.4191        43.3891        41.5982        39.4820
ss_22            48          38.9769        42.5125        37.6385        36.2580
ss_22            49           7.0008        11.4570         8.0144         7.0246
ss_22            50          24.8866        24.1222        28.4375        26.7886
ss_22            51         -19.4208       -17.2103       -15.7497       -10.2956
ss_22            52          16.2890        19.5262        22.9731        19.0115
ss_22            53           5.8649         9.7808        10.6921        16.0387
ss_22            54          22.2010        29.3178        37.7892        43.4825
ss_22            55          32.5026        30.7991        28.3600        28.2043
ss_22            56          13.4227        15.5826        22.2877        25.4417
ss_22            57          21.3715        27.7589        33.0122        36.0088
ss_22            58          33.6918        40.1521        32.7449        22.8257
ss_22            59          16.9553        18.9806        14.4763         9.1410
ss_22            60          15.6175        18.9055        21.8103        25.2852
ss_22            61          49.5910        54.6307        51.0400        46.7617
ss_22            62          32.0719        32.8214        31.7148        33.3812
ss_22            63          12.0745        12.1094        12.7290        23.2770
ss_22            64          55.8992        43.9818        41.6776        38.3897
ss_22            65          46.5605        50.5338        43.8379        43.7549
ss_22            66          16.1313        13.1495         7.2140        18.0059
ss_22            67          14.5292        19.2941        15.6351        18.1362
ss_22            68          -4.6408        -5.3072        -1.5878         3.7123
ss_22            69          31.7957        36.1802        35.4591        31.3131
ss_22            70         -11.3327       -11.9071       -12.0514        -9.1682
ss_22            71           5.6412         9.1376         9.9964        10.1812
ss_22            72         -10.6742        -5.2748        -1.2500         4.0786
ss_22            73          24.9175        30.9752        31.6301        36.8227
ss_22            74          31.3144        33.1889        31.9587        30.5149
ss_22            75           9.1953         7.8963         8.9605         9.9809
ss_22            76          -9.6136        -7.2233        -3.8635        -2.6476
ss_22            77          37.2659        41.1258        37.1280        37.6330
ss_22            78          16.5065        14.5127        16.1019        17.1333
ss_22            79           6.2963         9.9839        20.4721        22.5933
ss_22            80           2.7877         9.5794        19.3334        21.4288
ss_22            81          -1.6193         0.7454         3.0846         6.1999
ss_22            82          13.6092        20.3541        31.3725        36.9048
ss_22            83           7.0148        12.6863        20.7056        28.0997
ss_22            84          16.9780         9.3049        12.4237        16.5827
ss_22            85          14.5385        21.3109        26.6726        35.0473
ss_22            86          -0.2403         6.9537        14.5223        19.1756
ss_22            87          10.7530        11.9018        11.5534        12.3806
ss_22            88           4.8440        16.3173        21.0308        20.1977
ss_22            89          -2.4108         0.3691        -5.5028        -9.9891
ss_22            90           9.9937        11.8074        18.1410        19.7818
ss_22            91         -18.1782       -15.1573        -5.7834        -2.7890
ss_22            92          31.3370        29.2282        23.4505        19.2118
ss_22            93          23.0535        22.9381        26.5400        31.7179
ss_22            94           7.8122        12.3687        21.5563        28.1198
ss_22            95          40.1514        43.6971        45.7433        42.5084
ss_22            96          41.7183        49.7815        45.8821        44.7770
ss_22            97          17.3873        26.2576        32.2905        34.8257
ss_22            98          17.1295        22.4557        23.1858        22.8068
ss_22            99         -17.7091       -16.9507        -8.8475         2.8698
ss_22           100           0.5925         0.9392         4.1561        10.8867
ss_22           101           3.9304         8.5148        16.4864        20.5147
ss_22           102          26.1894        31.0026        36.5363        38.8272
ss_22           103           8.1797         7.7107         6.4375        12.0907
ss_22           104          -2.9144         2.3403         6.8672        11.8461
ss_22           105          15.6656        23.6146        31.9093        35.9465
ss_22           106          17.1432        17.4745        17.6707        18.7627
ss_22           107          -4.0002        -4.2604        -7.2548        -5.6372
ss_22           108          -8.0649         0.2325         2.6797         4.9442
ss_22           109           2.1192         6.9741        -0.3711        14.7359
ss_22           110          -0.4192        12.3220        21.3484        21.8212
ss_22           111          17.7125        22.5242        25.1055        28.2469
ss_22           112          49.3134        61.8116        63.4390        61.3262
ss_22           113           5.9948        11.8496        14.5568        16.9810
ss_22           114           9.5110        18.4365        20.1396        19.8640
ss_22           115          11.1523        18.8647        14.7171        15.6779
ss_22           116          57.7248        61.8273        60.1785        56.6967
ss_22           117          14.8030        16.5685        18.3367        17.2128
ss_22           118          14.9053        24.2225        28.3843        31.8057
ss_22           119          -5.5324       -10.7000       -18.6283       -18.9555
ss_22           120           5.8149         9.5374        11.0121        10.4473
ss_22           121          12.7472        19.6592        28.4843        32.1878
ss_22           122          11.2415         8.6399         7.6434         7.2613
ss_22           123          18.0869        21.0060        14.7237        10.4373
ss_22           124          14.5886        21.8542        26.9903        26.5345
ss_22           125         -10.9847       -12.2909       -12.9503       -11.2012
ss_22           126          25.5267        32.7827        32.3207        28.2504
ss_22           127           1.4571         8.6271        12.1335        17.6068
ss_22           128          13.7108        16.1483        16.0539        17.0625
ss_22           129          38.1464        39.6655        41.8549        48.0342
ss_22           130          13.9020        17.9165        22.3613        21.4520
ss_22           131         -17.6091        -8.6206         4.0543         9.0092
ss_22           132          -4.4564         1.3698        14.6582        19.9980
ss_22           133          18.2001        18.7123        22.1671        24.2727
ss_22           134          24.8123        28.2526        19.6496        18.4279
ss_22           135          45.5873        52.2244        48.4489        46.7568
ss_22           136          21.4187        26.6930        29.8258        34.9934
ss_22           137          33.0790        37.6267        29.0689        24.2439
ss_22           138          14.7030        14.5593        17.3891        18.2940
ss_22           139          12.9344        15.0592        19.5919        21.1841
ss_22           140          28.1294        27.2397        25.3524        27.7485
ss_22           141          47.5760        59.9396        51.8058        50.6261
ss_22           142          14.6351        21.6832        27.2970        33.2049
ss_22           143           7.3301         8.6328        13.3544        18.6773
ss_22           144          24.6603        25.0713        23.4233        24.1769
ss_22           145           4.9957         6.4503         8.0010        12.1104
ss_22           146          24.6908        27.1619        19.8154        16.6329
ss_22           147          45.7497        49.1372        49.7205        54.8984
ss_22           148          41.1214        49.3033        42.1875        32.4154
ss_22           149          31.8444        29.5249        27.0305        23.9921
ss_22           150          20.1920        26.4685        29.3807        29.6780
ss_22           151         -10.0226        -2.5305         4.8465        11.8486
ss_22           152          36.1274        42.8438        46.8815        50.2755
ss_22           153          24.3908        30.6900        29.1417        27.7077
ss_22           154           3.5815         9.0959         7.8915         6.8583
ss_22           155          40.3150        51.8504        55.4476        56.4480
ss_22           156           4.2866         2.8632        -0.3335         5.7989
ss_22           157           7.2748        11.4834        18.7449        21.3828
ss_22           158          17.9746        25.9006        26.4041        21.6640
ss_22           159           4.4587         1.8813         0.5517        -2.0282
ss_22           160         -13.5091        -6.2183        -1.3040         7.5487
