Filename       Segment   T212T252Fz-ASNM T212T252FCz-ASNM T212T252Cz-ASNM T212T252CPz-ASNM T212T252Pz-ASNM
ss_29             1           1.6749         6.0938         0.0983         2.4262         4.1240
ss_29             2           2.5800        -1.2393        -7.5513       -13.1236       -21.3880
ss_29             3          30.7062        34.2299        27.3006        15.9562         6.5681
ss_29             4           1.2346        -0.6260         1.0317        -1.5036        -7.4528
ss_29             5         -24.9023       -29.7546       -28.5754       -24.4617       -21.1814
ss_29             6         -11.9309       -13.3127        -6.1896        -4.6123        -0.1277
ss_29             7          -0.9237        -1.3437        -6.6324        -7.7605       -10.4586
ss_29             8          -3.9126        -7.5952        -3.0548        -9.7316        -9.1543
ss_29             9         -17.5730       -14.6376        -8.3782        -1.9478         5.8534
ss_29            10          11.7855        13.1644        -1.1838        -2.8475        -0.8270
ss_29            11          21.0899        29.5733        33.2962        24.8889        18.8676
ss_29            12           2.2717        -1.5215        -7.3212        -0.9680        -5.5771
ss_29            13           1.0840        -4.0509       -13.8967       -16.3736       -11.7614
ss_29            14          -5.7447        -5.8613        -1.9150        -3.8213        -2.1466
ss_29            15         -16.3310       -13.8414       -10.4641        -7.0731        -0.4076
ss_29            16         -13.5446       -12.9478        -8.7722        -9.9099        -1.2532
ss_29            17         -26.6408       -22.5571       -19.6711        -8.7448        -0.1614
ss_29            18          11.9811        12.0358         4.9033         2.0946        -0.4898
ss_29            19          17.3423        15.0593         8.3614         6.0212        -1.0849
ss_29            20          -1.7842         1.1789        -1.6831         2.6186        13.2802
ss_29            21           1.5570         1.1400        -3.6007        -6.0353        -4.4503
ss_29            22           9.0011        10.8247        10.4995         5.3140        -0.5605
ss_29            23          17.8245        18.1403        15.3506        16.5811         5.7666
ss_29            24          11.4491        14.0797        14.9078        11.1468         3.6100
ss_29            25          -5.0667       -10.3104        -1.7761        -4.5984        -4.6763
ss_29            26           0.9056         2.4394         8.2171         3.2585         5.4776
ss_29            27          11.5493        11.0837         8.8708         0.7268        -8.1935
ss_29            28         -14.4418       -16.0009        -7.9843        -9.6662        -8.6658
ss_29            29           1.5345         5.8986         8.9239        18.0433        12.9207
ss_29            30           1.4433         0.8478        -3.7455         4.1694         5.4950
ss_29            31          12.7916        16.7054        12.8103        10.6942         7.1320
ss_29            32          20.6062        27.4005        30.5300        18.4043         7.4770
ss_29            33          -9.8761       -11.8619        -4.9040        -4.8558        -5.9987
ss_29            34         -14.2309       -14.8288       -11.7277       -13.9339       -11.9473
ss_29            35           3.3351        -0.1627        -4.3260        -4.8633        -7.3428
ss_29            36           7.2223         9.4272         8.3608        -0.1424        -7.2853
ss_29            37           7.3220         1.9741         0.0448         6.9941        -8.9374
ss_29            38           7.2277         9.8755         4.9093         8.4739         4.9095
ss_29            39          26.6997        30.1900        36.6653        29.9601        23.7080
ss_29            40         -13.9778       -15.8081       -14.4687       -13.6935        -6.7848
ss_29            41          -3.9914        -4.1743       -11.2934        -4.1586        -4.1312
ss_29            42          -5.9526        -7.1819        -3.7228       -11.8086       -12.7771
ss_29            43          -1.2714        -2.1394        -1.1863         5.6945         6.5545
ss_29            44          20.4972        20.3737        21.0655         4.6968         1.4563
ss_29            45          10.5721        10.9555         8.9808         5.0447        -1.5185
ss_29            46           9.4892        14.3190         9.8359        12.6777         2.7510
ss_29            47          -6.2141        -4.6486         1.5484        -0.7010         6.6687
ss_29            48           6.6645         9.9995        -0.8387        -0.0841         2.3694
ss_29            49           6.2835         7.6782         2.7710        -2.8190        -5.2078
ss_29            50          14.0869        10.2431         6.8518         2.9109        -2.9622
ss_29            51          14.4613        14.4561        12.9460         8.1199         1.7617
ss_29            52          21.0070        24.3032        17.9356        11.7684        10.0509
ss_29            53          -8.8495       -15.8161        -8.4546        -8.1222        -8.2836
ss_29            54          10.2104        15.0158         9.8561         6.8342         7.7055
ss_29            55           8.9940         8.3829         5.2038         3.1295        -3.7925
ss_29            56           5.4988        11.4057        11.8575        10.0569         6.0810
ss_29            57          36.4578        38.1524        34.1919        27.8810        20.7597
ss_29            58           5.1526         5.9172        13.4871        13.3644        10.2775
ss_29            59          16.9278        14.6881        15.5670         9.4989         6.6652
ss_29            60           7.9816         6.6484         7.8316        15.7317        11.1255
ss_29            61           3.1248         9.6267        10.0024        13.2975         9.1835
ss_29            62           7.2449         4.8152         7.8661         6.0904         2.6984
ss_29            63           5.3057         5.7017         8.6695         7.6111         6.8586
ss_29            64          16.6573        13.2698         5.3341         2.9188        -5.4410
ss_29            65          24.2489        24.9858        17.3142        12.4666         6.9690
ss_29            66          11.2847         7.3073        11.2545         1.0815        -2.3706
ss_29            67         -11.1446       -12.2195       -11.0860        -9.4726        -7.1433
ss_29            68          -0.8666        -1.2146         1.3086        -0.0053        -0.0837
ss_29            69         -14.0701        -9.1989        -6.9418        -5.8467        -4.9063
ss_29            70          -8.4653        -9.4794        -1.5057        -0.9996        -0.5417
ss_29            71           0.2939         2.8147         4.7825         3.9128         7.7342
ss_29            72           2.7235         3.6689        11.8124        12.8862        16.0894
ss_29            73          10.4700        13.6916        19.6754        12.4731         1.5876
ss_29            74          12.6627        19.0932        22.8073        23.1906        22.6085
ss_29            75         -12.9612       -17.0605       -17.6148       -13.9344       -13.8313
ss_29            76         -13.9372       -19.1503       -13.9865       -16.3546       -14.5345
ss_29            77           1.0525         0.4685        -1.3530        -1.4694        -6.1199
ss_29            78           9.2992         9.9784         5.1968         7.6474         5.9158
ss_29            79          -9.7756       -11.5452       -10.3958        -5.5875        -1.9515
ss_29            80         -11.8811       -10.7517        -7.4226         6.0701         7.8886
ss_29            81          11.9290        11.3365        12.4127         9.5258         6.1091
ss_29            82          25.4130        23.1814        24.1498        15.9225         5.4619
ss_29            83          20.3282        25.9411        27.6719        23.5355        20.9252
ss_29            84           4.7773         0.3439         0.7659         0.0353        -5.4337
ss_29            85           9.2373         9.6376         7.6309         7.3869         8.0051
ss_29            86          -9.8628        -5.2205        -0.2925        -7.0222        -3.8539
ss_29            87          22.6706        22.1264        25.4659        17.3920        10.1644
ss_29            88          22.7139        28.4742        18.6076        13.9506        12.7232
ss_29            89          14.1663        17.1713        14.4697        15.5945        13.9525
ss_29            90           3.3358         2.6953         9.4278         9.8489         7.3756
ss_29            91          10.5999         6.2683        -5.8880        -3.6752        -8.7177
ss_29            92           5.2664         9.6550        14.9533        14.2727        14.2590
ss_29            93          14.9192        14.0908         9.6448         5.3902         3.4336
ss_29            94          12.6790        15.8113        22.3668        21.5881        20.2523
ss_29            95          13.8687         9.2500        10.6560        -0.1292        -4.2092
ss_29            96           5.9821        -1.0713        -2.6069        -6.9096        -9.9462
ss_29            97          -4.9879        -1.0231        -3.7418        -0.5536         4.4730
ss_29            98         -18.5386       -21.0225       -20.8576       -16.3606       -13.2151
ss_29            99           7.9485        10.7075        11.7830        21.4779        22.7276
ss_29           100           2.1438         3.3810        10.9287        13.7175        14.2228
ss_29           101           4.0084         8.4311         5.2831         8.1275         8.8574
ss_29           102         -18.6944       -21.0912       -16.1240        -7.9578        -3.9433
ss_29           103          20.6740        20.0505        16.1901        11.9550         3.9103
ss_29           104          11.4948        14.1919        17.8083        11.2200         9.5609
ss_29           105          -6.2474         5.1346         6.6122        17.8796        21.2295
ss_29           106          13.7133        14.6202        10.4592         2.4990        -8.0668
ss_29           107          -5.6068       -25.1473         4.4050         8.3910         9.6585
ss_29           108          11.1778        15.6315         9.7251        10.4990         9.7234
ss_29           109           0.0631         0.5165         6.1576         3.5726        -1.7156
ss_29           110           9.2088         9.4477        12.6337        10.9401        10.2842
ss_29           111          17.9213        14.7899        19.6244        14.4987         9.6706
ss_29           112           5.1983        10.2420         9.9909         6.4899         2.2801
ss_29           113          25.1986        25.9725        25.0622        17.4312         6.7336
ss_29           114           3.7430         6.8305        14.5286        22.1534        23.7258
ss_29           115         -11.0944       -18.9174       -13.4026       -14.8587       -13.6265
ss_29           116           2.8568         5.7195         1.1654        -3.5418        -5.4498
ss_29           117          -3.9418        -5.5483        -3.6841        -1.7261         2.9265
ss_29           118          -5.3185        -3.4871        13.6784        16.1508        17.8388
ss_29           119          20.2991        19.8130        10.8837         8.2638         6.3453
ss_29           120          32.1906        36.7412        34.5925        26.3052        17.9143
ss_29           121         -10.5682       -12.0457        -6.5570        -0.9892         4.7187
ss_29           122          17.5836        22.2168        35.4554        19.8147        18.2447
ss_29           123          21.0427        23.7045        19.9565         9.4599         4.1987
ss_29           124           5.7980        10.1642        15.5594        11.1151        10.7275
ss_29           125          -8.8522       -13.0902       -15.1024        -6.4682        -6.5782
ss_29           126          -1.1183        -3.8144        -8.7358        -8.9479        -5.6523
ss_29           127          13.7190        20.5062        21.6218        22.4373        16.4991
ss_29           128           1.6718        -5.8128        -2.4153         4.3113         1.9808
ss_29           129          22.4757        26.4519        24.9009        22.3147        18.2837
ss_29           130          17.3948        19.8542        19.5072        14.9738         7.5135
ss_29           131          -7.6400       -10.2943        -5.1996         2.2367         2.8091
ss_29           132          22.4285        22.1815        22.0763        15.1687         6.9140
ss_29           133           3.7668         5.8503        11.5465         7.8976         1.3054
ss_29           134          -0.2345        -2.4889         0.1650        -2.2426        -5.4389
ss_29           135           3.1177         1.0471        10.5306        11.1195        13.1154
ss_29           136          -5.7005        -5.6295       -20.4478         2.9698         7.9562
ss_29           137          16.5776        17.4142        17.8045        18.0458        15.6085
ss_29           138          10.8382         9.2854         8.5134         9.5034        12.3752
ss_29           139          -8.3550       -13.4705       -13.3187       -11.3668        -9.5208
ss_29           140           1.7446         6.3415        16.6856        13.4192        12.4095
ss_29           141           7.0102        13.5584        10.7710        10.9917        13.5891
ss_29           142          -0.5881         2.5917        11.8189        16.5464        17.0749
ss_29           143          12.9011        12.1719         7.1139         0.3276        -4.1962
ss_29           144          -2.7551        -0.5093         2.4064         1.1374        -1.0871
ss_29           145          -1.9612         7.2944        12.7739         8.5501         7.4386
ss_29           146           6.3741         9.4008         6.5316         5.4925         6.5470
ss_29           147         -26.0783       -27.0591       -23.6409       -22.6012       -14.3672
ss_29           148           4.8691         8.5276         6.6293         8.1497         6.8803
ss_29           149           0.6993        -4.3084        -8.2033        -7.9755        -1.0506
ss_29           150           3.0722         3.4995        -8.0158        -5.0763       -12.9881
ss_29           151          14.9590        18.3452        19.9547        15.9096        12.3595
ss_29           152          13.6272        15.5393        21.2513        19.2686        18.2457
ss_29           153          -1.3736         1.3569         6.9164        12.4959        15.7657
ss_29           154          -1.7598        -3.9788        -6.2995        -8.7710       -10.8080
ss_29           155           6.4022         5.8112         5.2001        11.8530        10.4578
ss_29           156          12.9212        15.9105        10.6953         5.1702         6.7407
ss_29           157          18.4300        24.1669        16.5103        10.5129         9.1060
ss_29           158          12.5139        14.1082        12.2537        11.1426         8.4198
ss_29           159          -4.6289        -6.0971        -9.2458        -6.3065        -4.9645
ss_29           160          12.5716        18.5046        18.4288        18.9502        20.1317
