Filename       Segment   T232T272Fz-ASNM T232T272FCz-ASNM T232T272Cz-ASNM T232T272CPz-ASNM T232T272Pz-ASNM
ss_23             1           7.0207         5.1805         2.5236         5.3642         8.1760
ss_23             2          -2.9954        -0.4706         3.2320         4.9661         9.2486
ss_23             3          -1.2902        -2.6290        -3.7013        -5.3041        -0.5604
ss_23             4           -.----         -.----         -.----         -.----         -.----
ss_23             5         -66.0517       -41.0545       -25.5956       -24.4928       -22.4136
ss_23             6          -4.6635        -3.7385        -9.6133        -0.7096         3.2455
ss_23             7           -.----         -.----         -.----         -.----         -.----
ss_23             8           -.----         -.----         -.----         -.----         -.----
ss_23             9          38.9258        24.6319         9.4053        10.0484         6.8284
ss_23            10           -.----         -.----         -.----         -.----         -.----
ss_23            11          31.5848        29.1689        31.3516        38.3392        34.8570
ss_23            12           -.----         -.----         -.----         -.----         -.----
ss_23            13          -4.6411        15.2778        24.9170        34.2572        46.0722
ss_23            14           -.----         -.----         -.----         -.----         -.----
ss_23            15           -.----         -.----         -.----         -.----         -.----
ss_23            16         -58.7842       -45.2573       -34.3441       -29.3120       -22.6950
ss_23            17          -2.5212        -7.9889         0.4405       -10.1867       -10.7298
ss_23            18          10.5951        16.1307         2.6028        14.6717         7.6852
ss_23            19           2.8192       -11.0327       -26.5979       -14.1149       -24.9255
ss_23            20         -74.9073       -43.2891       -24.2106       -27.1394       -17.2684
ss_23            21          25.6028        30.9993        31.7634        36.7068        32.8029
ss_23            22         -47.8725       -24.8961       -15.0316        -4.6943         0.4545
ss_23            23          38.5163        33.0801        29.0730         9.7026         3.7229
ss_23            24         -77.4973       -52.8120       -30.8338       -16.2707        -8.4500
ss_23            25         -40.0777       -27.7885       -17.0250       -11.0054        -6.2675
ss_23            26          -8.2478        -2.9000       -13.3909        -8.6353        -5.0016
ss_23            27         -68.2643       -41.5106       -43.4820       -38.1138       -31.0822
ss_23            28         -28.6804         8.0377        28.8043        16.2140        13.6528
ss_23            29           -.----         -.----         -.----         -.----         -.----
ss_23            30           -.----         -.----         -.----         -.----         -.----
ss_23            31           8.6451        12.4916        11.7180         7.1814         6.8029
ss_23            32           3.9335        12.2099        14.1006        18.2659        17.8316
ss_23            33          -9.1301        -9.6428        -5.2168        -5.0323        -4.1211
ss_23            34          -3.9618       -13.5267       -26.3501       -20.6182       -22.8865
ss_23            35           3.7127        -8.4697       -16.1345       -20.8737       -16.9385
ss_23            36           4.8615         8.1757         8.1541         2.4716         3.9483
ss_23            37         -68.9039       -44.1773       -30.9220       -11.0782        -2.7017
ss_23            38          11.1989        11.8493        -3.1468        -8.3458       -15.8472
ss_23            39           8.1687        10.6783        -9.3362        10.6376        22.0038
ss_23            40          -0.9762         4.9772        -1.5333         6.2268        10.9161
ss_23            41          38.5641        27.1566        27.5056        14.3361        12.4583
ss_23            42          36.5611        37.6456        28.9021        27.4030        29.2468
ss_23            43           4.5878         9.9878         9.4431        -0.1866         0.6582
ss_23            44          69.2901        64.5562        56.4776        51.4632        42.2564
ss_23            45          13.2856         8.2345         8.7771         0.4359        -3.5095
ss_23            46         -17.4179       -14.6123       -10.8806       -16.6548       -18.6202
ss_23            47          -2.5572         4.0593         9.6345        12.2912        14.5956
ss_23            48           -.----         -.----         -.----         -.----         -.----
ss_23            49           3.8674         5.4450         0.3614        -1.8888        -3.7050
ss_23            50           1.8603         6.7071        14.9897        19.8713        22.0840
ss_23            51         -20.0302        -5.2562        -8.8914        -5.5431        -0.9408
ss_23            52          41.9938        51.2546        53.5907        45.8220        46.8027
ss_23            53          -8.7607        -0.6199        16.2620        11.7054        10.4034
ss_23            54          27.6590        33.2674        23.3027        41.2964        38.5406
ss_23            55         -37.2134       -28.8127       -31.9687         4.8007        15.1792
ss_23            56           5.9411         7.0013        17.7316         9.9071        10.2308
ss_23            57          35.1534        36.9756        25.9633        13.9146         9.4842
ss_23            58          18.7533        23.1562        30.5750        16.7811        16.2607
ss_23            59          14.4308        20.4684        20.3067        18.2376        19.8791
ss_23            60          -4.4103        -0.4802         6.5573         1.7470        -2.6833
ss_23            61          31.6582        35.5216        30.1487        40.3973        34.5274
ss_23            62          23.2988        27.0924        22.4809        15.5063        15.8039
ss_23            63          10.6139        16.3219        22.4344        21.1751        24.4048
ss_23            64          -7.8922         7.6452        19.7317         9.9061        18.2949
ss_23            65          18.0312        23.3178        20.3794        28.4743        33.9456
ss_23            66          36.9556        45.3814        44.5995        36.4886        38.2528
ss_23            67          15.9202        26.7705        30.2751        33.4449        29.0935
ss_23            68          27.7956        38.0102        49.7903        49.1871        48.0157
ss_23            69          20.2660        31.5638        23.4012        39.9079        39.5422
ss_23            70           3.2648         6.8941        11.5519        11.8268        21.5365
ss_23            71           2.7507        -2.2385         0.3061       -10.6488       -10.5429
ss_23            72          -7.8647         2.7069         6.4642         4.5831         8.1855
ss_23            73          24.6020        30.9000        23.5696        18.7860         9.8333
ss_23            74          18.9068        14.5551         5.8910        13.9252        13.7365
ss_23            75           4.6170         8.2562         4.4172         5.6168        11.5045
ss_23            76          -5.6115        -2.2521        -0.1401        13.2912         9.8135
ss_23            77          42.5286        51.9724        50.0882        44.2099        34.0286
ss_23            78          18.1817        20.3746        25.8708        30.0439        27.8936
ss_23            79           -.----         -.----         -.----         -.----         -.----
ss_23            80          11.7706        10.2740        16.8112        19.9907        22.2622
ss_23            81         -13.6534       -11.6955        -2.5739         9.4515        19.5665
ss_23            82          11.5184        20.6319        21.1429        25.8532        31.6091
ss_23            83          29.5721        43.2833        47.7908        48.4028        46.0311
ss_23            84          12.6253        22.2193        19.0931        23.9283        26.8163
ss_23            85           7.9366        13.6096        10.2522         8.9778         9.9971
ss_23            86          12.9563        21.7706        23.4796        22.0009        24.0230
ss_23            87           4.4456        13.8860        21.1683        37.0393        36.9743
ss_23            88          19.3258        30.9099        32.2632        34.6892        31.2549
ss_23            89           8.8361        16.5427        13.6558        17.5730        17.8091
ss_23            90           -.----         -.----         -.----         -.----         -.----
ss_23            91         -13.8822        -9.1059        -2.1356         5.4025        12.6377
ss_23            92           0.1154         4.6238         6.6861        11.5110        14.2033
ss_23            93          -3.3739         6.5084        17.4951        25.7766        26.8695
ss_23            94         -21.1065       -19.8152       -13.1530        -8.7202        -0.6596
ss_23            95           -.----         -.----         -.----         -.----         -.----
ss_23            96         -16.8972       -17.1519        -4.4927         2.4300         9.2614
ss_23            97          24.0187        23.2296        19.3342        18.9969        19.3620
ss_23            98         -10.1253        -4.1142        12.3474        22.3927        37.0605
ss_23            99          19.1649        18.8990        17.3550         9.1542         4.1394
ss_23           100          26.4947        34.2058        27.7321        17.6351        10.3152
ss_23           101           4.1504        -1.2730        -1.9950        -5.4221        -5.7942
ss_23           102          28.0722        33.5431        35.2768        42.7768        43.0293
ss_23           103           -.----         -.----         -.----         -.----         -.----
ss_23           104          29.3797        38.3533        41.4388        33.6653        32.6796
ss_23           105         -10.4985         4.7729        18.0577        19.5124        20.4922
ss_23           106          29.3413        35.7565        32.0211        30.2389        29.1712
ss_23           107           -.----         -.----         -.----         -.----         -.----
ss_23           108           4.4659        12.6398        22.8113        30.2617        31.2193
ss_23           109          40.5192        48.8518        45.0320        32.9533        31.7225
ss_23           110          14.1749        25.2614        37.8733        37.0519        29.8987
ss_23           111          20.6097        33.2393        32.6397        27.2258        23.9473
ss_23           112          -3.2902        -0.7412        -4.6972        -5.0983        -9.2508
ss_23           113          20.1401        25.0452        28.6828        22.1254        21.1779
ss_23           114          25.6177        26.1886        27.5532        32.7391        34.6964
ss_23           115          32.3356        38.5389        34.7780        30.9650        25.4011
ss_23           116           3.6877         8.9887        12.5361         6.7346         0.6102
ss_23           117          -6.9403        -4.8808        -2.0539        -4.4467        -7.0221
ss_23           118          13.5278        21.5960        37.3314        41.5113        47.8878
ss_23           119          37.4277        45.7449        33.4820        29.9448        25.8591
ss_23           120           8.6721        17.3215        16.4778        16.2394        11.8401
ss_23           121           8.3142        15.2063        17.2431        22.3405        30.7382
ss_23           122         -13.6000       -17.3188       -10.6165        -0.3082         0.4243
ss_23           123          -9.0141       -16.4916       -14.6112       -18.2099       -19.8518
ss_23           124           -.----         -.----         -.----         -.----         -.----
ss_23           125           4.0376         4.1385         1.2085        -1.3108        -0.2687
ss_23           126           4.8084         9.8893         6.0347         6.4048         6.9475
ss_23           127          37.9978        43.7666        42.6654        42.3480        35.3949
ss_23           128          25.9368        28.2543        26.6812        23.7500        22.7705
ss_23           129          19.4229        21.9250        19.9763        21.7521        23.2390
ss_23           130          22.6198        31.6035        33.8566        40.3348        49.7708
ss_23           131         -16.9299       -12.3537        -1.6607        -2.9069        -5.5690
ss_23           132          -4.7641         2.9111        13.0520        24.7062        31.2094
ss_23           133          13.7322        14.4426        16.9782        11.8283         8.2225
ss_23           134          -6.1929         1.8238         5.8587         5.9541         8.9722
ss_23           135           4.4717        -2.9842       -10.7953       -20.4158       -21.3091
ss_23           136          -7.7797        -5.2427        -3.2725         4.5894         5.3824
ss_23           137          23.0112        30.6497        31.5504        36.4111        42.2591
ss_23           138          -9.4665        -6.0405        -2.1075         0.3928         1.4316
ss_23           139          14.1927        16.9598        16.0240        12.6904         8.4986
ss_23           140           4.5588        -2.8939       -14.5937       -27.3153       -29.3077
ss_23           141          20.0760        21.6950        14.2325        11.2208         2.3752
ss_23           142          -8.2509        -6.5873        -2.4842         4.5809         8.1310
ss_23           143          10.5617        25.0978        27.5397        16.8065        11.7131
ss_23           144          -1.0901         1.6434         6.0421         4.2240         5.0004
ss_23           145          23.1214        16.5607         4.1553         0.8559        -3.1473
ss_23           146          24.5524        34.4450        37.5928        42.5806        48.0209
ss_23           147           6.0807         4.6705         3.7547         2.0240         4.8842
ss_23           148           9.1262         8.7777         2.3568        -0.9942        -3.7413
ss_23           149          21.5251        28.7167        29.6168        32.4288        36.0016
ss_23           150         -10.8726        -8.0136        -5.8773        -4.6118        -1.4587
ss_23           151          28.9913        42.5032        41.3183        33.0571        25.9476
ss_23           152           8.0384        14.7087        18.9054        15.4736        10.0268
ss_23           153           4.1244        11.0987         9.0474         1.9141         4.5627
ss_23           154          28.4019        38.4680        48.6912        50.2859        48.2795
ss_23           155           6.5159         7.2351         0.4237        -0.2701        -4.6848
ss_23           156          38.1484        49.0698        47.8825        36.7368        27.7996
ss_23           157         -22.3263       -23.2635       -22.8978       -22.2656       -25.8424
ss_23           158          28.6268        21.0043         1.0411        -7.1397       -20.9472
ss_23           159          28.8130        39.5628        38.9329        43.5622        40.2895
ss_23           160           -.----         -.----         -.----         -.----         -.----
