Filename       Segment   T260T300Fz-ASNM T260T300FCz-ASNM T260T300Cz-ASNM T260T300CPz-ASNM T260T300Pz-ASNM
ss_21             1           9.0419         3.5582         0.5034        -5.8827        -2.0485
ss_21             2          10.3192        16.9283        25.2315        32.0032        31.6440
ss_21             3           6.4236         0.9569        -0.0029        -1.9737        -5.6779
ss_21             4          -6.0417        -1.8313         4.5630         9.1464        13.4851
ss_21             5          -8.2346       -14.9660       -19.6739       -10.1560        -3.5315
ss_21             6           -.----         -.----         -.----         -.----         -.----
ss_21             7         -14.3451       -16.7837       -20.4988       -20.7120       -21.2416
ss_21             8           0.1363         5.3354         8.6496         6.9362         1.1043
ss_21             9          -6.9247       -11.1263       -10.0726        -7.9373       -10.4497
ss_21            10          -7.9714        -5.8308        -6.8396       -10.4950       -15.7457
ss_21            11          23.2875        21.0802        24.2647        19.7444        15.8572
ss_21            12          -4.0351         1.1827        -7.3912        12.0029        21.6452
ss_21            13          -5.4040        -6.7642       -13.6392        -9.5064        -3.3914
ss_21            14         -11.2785        -7.1999         5.9378         7.2220        11.2567
ss_21            15          -6.7398       -12.1084        -6.7377        -8.9925       -14.9887
ss_21            16          26.6465        29.9730        24.8795        22.0262        23.7403
ss_21            17          -3.7756        -5.4480        -3.3924        -6.2979       -11.5632
ss_21            18          13.4777        17.6470        25.3514        30.0881        37.7887
ss_21            19         -10.6046       -13.1002        -2.8498        -1.2033        -3.3100
ss_21            20          11.9029        14.7387        20.2297        22.9846        16.0332
ss_21            21           5.4951         8.3737         3.7848         6.4424        -1.8045
ss_21            22          -9.4329       -21.6478       -23.3215       -24.2256       -29.8729
ss_21            23           6.1600         9.8465        19.6066        22.0730        22.9079
ss_21            24          20.1751        26.3104        36.1448        40.4985        34.3347
ss_21            25           3.4499         9.6191        16.2899        14.5505         8.1285
ss_21            26          -3.1054        -0.9589        -6.4868        -5.8239        -4.8804
ss_21            27          -1.4211        -6.1866        -7.0292       -10.6758        -4.1539
ss_21            28           8.3318        11.5416        16.1100         3.2352        10.9254
ss_21            29           3.6012         5.9901         6.9728         2.1339        -1.1157
ss_21            30         -14.3271        -8.5614        -9.2754        -6.5649        -5.0542
ss_21            31         -11.1567        -9.8073        -3.7275        -5.2041        -4.3907
ss_21            32           1.6671         5.7040         7.1473         8.4947         3.3321
ss_21            33         -14.9432       -12.3267       -20.1672       -17.3493       -11.2320
ss_21            34          16.1895        24.4147        28.7308        32.1729        26.2505
ss_21            35          13.1713        17.1352        14.3098        13.7905        10.1599
ss_21            36         -14.9705        -9.4069        -7.2249        -7.4999       -11.7034
ss_21            37          17.9709        23.6166        30.1727        37.1083        32.6086
ss_21            38          12.4727        14.0076        14.5093         9.0140         7.4619
ss_21            39           3.7087         9.0850         5.5340        14.5211        13.4675
ss_21            40          -7.4521        -7.2730        -7.6006        -3.2069         3.1711
ss_21            41          10.7454        12.5912         9.4864        15.5698         9.4353
ss_21            42          30.3118        38.9588        48.4455        40.6160        35.4966
ss_21            43           6.0940         7.7061         7.3951         8.7618        -3.7908
ss_21            44         -11.3766       -14.4351       -19.9580       -17.5603       -19.2365
ss_21            45           2.9378         2.8535         9.9500        11.0602         8.4781
ss_21            46          19.5080        20.8409        26.1744        27.8239        19.9559
ss_21            47          15.6606        23.6143        20.0515        21.2355        15.3703
ss_21            48          -0.0382        -2.2453        -1.1127        -1.8347        -3.8334
ss_21            49          23.7351        24.4901        19.0789        22.9968        20.6149
ss_21            50          22.3408        24.0968        21.4919        12.0788         0.8807
ss_21            51          16.1403        14.3998         0.6639        -2.1851        -9.6019
ss_21            52          18.5624        14.7742        22.3780        18.2101        12.9988
ss_21            53          22.4776        29.2721        38.9122        42.5174        41.1114
ss_21            54          13.1041        16.8612        24.5190        36.4581        32.6056
ss_21            55          19.3100        16.5317        13.5631        22.3317        23.0699
ss_21            56          21.0288        24.5533        30.0700        28.9717        27.5882
ss_21            57          -1.2327         7.4415        12.0960         9.6570         6.0505
ss_21            58          32.2948        29.8386        37.3221        31.3524        32.6357
ss_21            59          17.3691        22.9381        24.9837        26.8447        16.9383
ss_21            60           7.7706         7.5198         7.6400         8.9629         4.6499
ss_21            61         -11.1360       -17.6611       -24.4511       -19.1141       -19.0573
ss_21            62          11.9245        17.5380        18.7585        23.3938        18.3503
ss_21            63          25.6966        34.9611        44.2477        46.5841        44.4197
ss_21            64          -0.6898        -2.2412        -8.7273        -5.4186        -7.4977
ss_21            65         -14.7789       -15.5750       -12.4115        -5.2910        -3.1961
ss_21            66         -10.8663       -11.4139        -5.3330        -4.1927        -5.6825
ss_21            67          27.5168        27.5637        34.8726        32.2849        30.9682
ss_21            68          -3.3763         1.8001         1.5836         5.9728         0.8979
ss_21            69          12.5087        15.5835        22.0544        23.0634        25.6307
ss_21            70          22.3132        25.4071        26.3169        23.1993        13.3311
ss_21            71          11.8916        19.7277        18.0541        13.9023         7.2154
ss_21            72          16.1661        16.0309        22.1699        13.1685         8.8860
ss_21            73           8.3646         8.1304        16.0758        15.0422        12.0200
ss_21            74           4.9830         8.9922        20.7350        21.0721        16.0601
ss_21            75           1.9525         2.3677         5.4711         8.4042        12.3783
ss_21            76           0.1467         2.8856         6.3263         7.6008         8.5933
ss_21            77          -0.3448         5.9260        17.1305        24.5413        21.3024
ss_21            78           1.3213         8.9893        19.1374        23.2354        12.7678
ss_21            79          10.5915         7.9162        10.5083         7.4773         4.4880
ss_21            80          28.1515        33.1833        36.0157        36.0305        34.5723
ss_21            81          22.6154        24.8492        23.8045        18.4171        12.9207
ss_21            82          28.5465        30.1294        24.3249        15.6473         3.9497
ss_21            83          16.3547        23.2585        24.8326        18.2537         9.9744
ss_21            84          34.0174        45.5135        44.2432        50.9109        40.4489
ss_21            85          12.9724        17.4927        14.6013        21.3332        11.0721
ss_21            86          13.7840        15.3939        15.0967        17.6573         9.0823
ss_21            87          14.1909        16.0093        20.6032        16.8445        10.9099
ss_21            88          22.0944        26.6111        25.3206        31.7536        23.4062
ss_21            89         -19.4212       -26.9807       -27.5787       -25.1952       -19.3104
ss_21            90          25.4202        36.1886        40.4471        41.4199        36.1974
ss_21            91           4.4499         7.8178        10.9346        19.6360        15.3043
ss_21            92          17.9672        24.7486        26.7185        36.5933        33.3848
ss_21            93          20.9206        23.3239        26.3468        25.3687        18.0000
ss_21            94          28.6592        26.7398        24.9125        25.0221        21.7992
ss_21            95         -11.0561       -10.2345        -8.8298        -2.6929        -8.4965
ss_21            96          24.4215        26.6093        28.4768        30.1444        18.8337
ss_21            97          -7.2368        -9.5949        -8.3521        -0.1254        -3.8214
ss_21            98          36.8138        43.9379        42.1995        41.2174        34.4614
ss_21            99           0.1437         5.3754        11.9182         6.2590         2.5477
ss_21           100           0.5157         6.8818        18.1534        24.5045        18.3199
ss_21           101           4.1316         0.3049        -4.6158       -12.2390       -10.1676
ss_21           102         -18.0765       -22.9973       -26.6490       -23.0018       -19.5383
ss_21           103           7.2434         7.8553         9.1776         2.1344         1.9175
ss_21           104           9.6147        14.0444        14.6203        15.6835        12.2683
ss_21           105           5.8060         1.6038        -2.2898        -3.2111        -0.4073
ss_21           106          11.0210        14.6825        14.9317        19.7082        14.8192
ss_21           107          -1.8383        -3.1225        -1.4392        -2.3891        -0.6237
ss_21           108           2.0317         5.1101         7.2013        -3.0116        14.4913
ss_21           109          13.2768        12.1136         6.4083         2.0285         3.1184
ss_21           110          12.0405        15.4717        22.3744        21.8235        17.1009
ss_21           111          12.7424        15.6365        10.5757        14.3397         4.5876
ss_21           112          15.5797        16.7772        11.5853        19.3993        10.8299
ss_21           113          17.7893        16.7110        22.8388        25.0153        23.0782
ss_21           114          -9.5059       -11.1976        -0.3597        -4.1247        -7.0477
ss_21           115          13.5167        17.0248         7.7797        15.9501        14.1919
ss_21           116          -8.9835       -10.5474       -11.3930        -4.3985        -4.2279
ss_21           117         -10.9370       -11.7058        -6.8975        -2.6419        -3.1048
ss_21           118          16.5159        22.3836        20.8458        14.1782         6.0694
ss_21           119           2.2662        -0.2343         4.4441         4.0356         3.6073
ss_21           120          25.3619        22.2524        12.4135        13.3010         4.4295
ss_21           121          -2.0048        -0.9710        -0.9259         0.0827        -1.6151
ss_21           122          43.7640        39.9068        19.1055        10.4124         3.9058
ss_21           123          12.4937        17.2986        14.1289        10.0390         7.3756
ss_21           124          18.2615        25.0959        31.4538        28.8167        26.1053
ss_21           125          23.0896        29.0057        24.9514        31.8239        31.0081
ss_21           126          18.0144        18.0624         7.3772        12.4934        17.8603
ss_21           127          32.4809        41.3571        44.4839        43.9572        36.2148
ss_21           128          -1.1363        -2.1276        -1.9774         0.4343         0.3144
ss_21           129           0.8174         4.4892         6.0806         6.3060         4.0661
ss_21           130          23.0269        32.0551        26.6155        24.5735        12.2103
ss_21           131          18.2397        22.4309        30.0208        38.1411        31.5521
ss_21           132          11.1060        12.1765        15.8288        20.7757        20.2368
ss_21           133         -12.4617       -15.4378        -7.0963        -1.9531         0.8012
ss_21           134          17.8406        18.9508        10.4848         6.4666        -2.4580
ss_21           135           6.5479        13.5155        15.6019        11.2923         9.5031
ss_21           136          23.4424        32.0373        39.4738        40.8093        33.8341
ss_21           137         -11.1758        -9.6984       -18.0480       -21.9491       -20.4221
ss_21           138           2.3684         0.5336        -3.5323        -6.1359       -10.6938
ss_21           139           7.3148         8.8516        14.7314        13.7252        12.5913
ss_21           140          26.2913        24.5907        19.5906        19.1457        15.1789
ss_21           141           2.0500        -3.0837        -4.5280        -3.7378        -5.5979
ss_21           142          22.0562        31.2333        41.2607        37.3769        28.0032
ss_21           143          -4.4366        -7.5277       -11.8161        -6.8896        -4.6415
ss_21           144          31.4194        37.7981        37.5783        41.5740        35.5817
ss_21           145           5.7361         9.6431        17.5431        24.5291        21.6828
ss_21           146          16.2864        17.9710        23.0433        27.3922        25.6161
ss_21           147          32.9324        39.5072        40.0002        41.0813        37.0827
ss_21           148         -12.0593        14.9964        22.9507        18.5360        11.3469
ss_21           149          11.4684        15.1688        17.7637        18.6812        18.4571
ss_21           150         -10.2759       -15.2858       -12.4017        -0.0472         9.0831
ss_21           151          -8.5566       -11.3978        -2.9166        -7.7831        -6.6029
ss_21           152           8.7343         7.2052         3.9222        14.1677        16.7716
ss_21           153          12.0023        16.9913        23.2915         9.8859         0.9549
ss_21           154          17.3206        17.6888        20.0592        13.7629        11.1345
ss_21           155          29.1903        33.0917        29.8820        37.0495        34.9427
ss_21           156          11.2357        13.8402        16.5686        17.1586        16.0282
ss_21           157           8.2877         7.7970         1.8569         2.7106         2.7514
ss_21           158         -28.9088       -30.1368       -29.0400       -31.0673       -25.0206
ss_21           159           6.6699        10.0851         9.2448        13.5942         9.1640
ss_21           160          15.5843        19.0043        17.8870        16.1957        11.6450
