Filename       Segment   T268T308Fz-ASNM T268T308FCz-ASNM T268T308Cz-ASNM T268T308CPz-ASNM T268T308Pz-ASNM
ss_25             1          16.7906        13.1573         9.5618         3.8250         1.3390
ss_25             2         -14.9794       -19.9171       -17.8374       -21.6593       -27.5620
ss_25             3          -1.7776        -3.7870       -16.6562       -24.0553       -26.5830
ss_25             4         -12.2770       -15.2713       -16.7161       -20.7432       -23.0913
ss_25             5          23.1535        23.7782        18.0923        16.6498        14.9351
ss_25             6          14.8728        14.9215        10.1189         6.8472        -3.6895
ss_25             7          -5.8106         2.5839         5.2060         1.5177        -1.2783
ss_25             8          41.3042        41.7411        37.1077        35.8819        29.6583
ss_25             9          17.4418        25.1589        32.9501        35.0565        31.6442
ss_25            10         -27.3607       -18.2283       -15.1044       -12.3585       -12.9195
ss_25            11          20.0739        23.7440        15.1973         9.3304         2.7616
ss_25            12         -17.5302       -15.0628       -12.8320       -10.9148        -4.9272
ss_25            13           5.1666         2.4392         4.5242        -0.1229         0.5059
ss_25            14           -.----         -.----         -.----         -.----         -.----
ss_25            15           7.4275         9.4937         8.8496         3.0204        -0.5916
ss_25            16           5.4073        -5.9973       -10.2554       -11.5644       -10.7569
ss_25            17           6.6457         6.1632         6.0323         7.3932         2.7059
ss_25            18          30.1223        29.8806        30.2879        27.8667        26.5768
ss_25            19           8.9579        12.2277        16.5070        17.0786        19.6173
ss_25            20         -17.1938       -15.4861       -12.6844        -9.8985        -7.0844
ss_25            21          12.5895        14.9269        21.6031        19.2179        15.6980
ss_25            22         -14.1713       -15.7506       -17.4113       -11.2885        -8.2951
ss_25            23           3.4267         4.3528        -2.3396        -3.3816       -10.4268
ss_25            24          16.9772        14.5823        18.2452        18.3596        13.5552
ss_25            25         -11.3439        -9.4204        -3.0448         4.2663         4.2879
ss_25            26          -1.0003         6.3538         2.1197        -2.0525        -7.6745
ss_25            27          33.8481        42.5332        46.9292        41.7606        29.9593
ss_25            28          22.2852        23.5810        28.5590        23.6974        18.9777
ss_25            29          25.2504        28.4037        27.5898        27.7179        23.8378
ss_25            30          -4.1357        -2.9726        -2.0374        -4.1661        -2.9785
ss_25            31         -16.6630        -9.3472       -13.2667       -14.7419       -16.5507
ss_25            32          -6.9828        -4.1726       -11.3151       -10.4875        -9.4748
ss_25            33          13.0260        17.3045        17.3254        17.8802        12.6377
ss_25            34           9.6839         5.8235         7.3540         1.8295        -3.5362
ss_25            35          -4.1736        -5.3300         2.7797         4.7998         3.7567
ss_25            36           0.0435        -0.3012         7.8591        17.9129        31.0212
ss_25            37          18.6289        22.2886        26.8154        29.4404        26.1489
ss_25            38           2.3641         4.7597        16.5288         9.5523         8.5291
ss_25            39           -.----         -.----         -.----         -.----         -.----
ss_25            40          32.2929        33.0905        31.9393        22.6931        14.9322
ss_25            41          11.1956        16.6765        19.3199        17.5994         9.8928
ss_25            42          -8.5082        -3.1741         3.3956         8.7305         7.3566
ss_25            43          -8.2374        -6.3933        -2.2727        -5.8445       -14.2665
ss_25            44          28.4318        19.0490        15.3989         4.8036         4.6803
ss_25            45          28.7890        19.1843        27.6433        22.7324         3.5745
ss_25            46          10.3676         6.5142         8.4081         5.3981        28.4218
ss_25            47           -.----         -.----         -.----         -.----         -.----
ss_25            48         -11.0336        -2.1367        -4.1204       -10.5723        -0.1046
ss_25            49          17.2795        18.1006        16.9040        14.8392         6.3045
ss_25            50          37.0683        37.5821        36.1671        38.5051        29.5662
ss_25            51          -7.7884         1.0006         7.7248         6.7502        -6.3770
ss_25            52          13.6106        16.9934        23.3909        31.4760        30.1061
ss_25            53          19.4437        19.5756        19.2734        14.7724         6.0057
ss_25            54          11.7363        12.9414         8.7756         1.3106       -16.3443
ss_25            55          25.3730        29.2679        24.7179        18.5847        16.5169
ss_25            56           -.----         -.----         -.----         -.----         -.----
ss_25            57           5.2599        12.9612        19.4860        21.9903        18.5118
ss_25            58          -4.2289         3.1848        -0.0100        -3.9561        15.2988
ss_25            59           7.9567         5.2960         1.0270        -4.7755        -5.9727
ss_25            60          24.6845        25.1800        32.3962        26.4263        22.8225
ss_25            61          25.4301        29.4577        27.1047        27.0122        26.9140
ss_25            62           3.5964         7.4498        11.6938         4.2662         8.4328
ss_25            63          23.6595        25.5738        25.7544        23.1700        23.1492
ss_25            64           3.8064         6.0477         8.3248         4.5165        -1.8074
ss_25            65          41.0405        24.5833        22.7759        20.1468        31.5626
ss_25            66          10.0700        16.8248        21.8198        25.2918        23.7864
ss_25            67           -.----         -.----         -.----         -.----         -.----
ss_25            68          37.4623        42.6250        44.7698        41.7498        32.9404
ss_25            69           8.6338        10.0336         9.6950         8.1343         2.9981
ss_25            70          20.2658        19.5504        25.0220        26.8814        16.9863
ss_25            71          -7.5861        -6.0859       -10.4040       -16.9133       -12.1066
ss_25            72           3.2607         1.6688        -1.7434        -7.5825        -8.0920
ss_25            73          36.9468        38.7058        37.9188        40.7831        37.0508
ss_25            74          -9.5092        -7.6900        -2.3431         0.1032         1.7623
ss_25            75         -23.8996       -15.5129        -2.2614        -4.0861         0.2733
ss_25            76           5.5616         0.5428        -1.9820        -1.1088         5.2177
ss_25            77           5.6180         3.1474        -1.0250        -0.8476        -7.3720
ss_25            78          13.4429        11.1850         4.0464        -9.4598        15.7730
ss_25            79          36.1225        38.8631        41.1656        40.4486        32.9234
ss_25            80          33.4027        32.7705        27.7731        23.7942        23.0010
ss_25            81          -8.5770       -12.1576       -20.4530       -18.1566       -18.4836
ss_25            82          -7.1959       -10.3879        -7.9621        -7.2796        -6.1195
ss_25            83          32.6780        37.0428        37.3717        34.4750        37.2400
ss_25            84         -43.9414       -34.7677       -22.5804       -18.9179       -14.3923
ss_25            85          -8.7776        -5.5521         4.2066         1.5293        11.6744
ss_25            86          -2.3046        -4.4666        -7.9741       -13.9663       -45.2504
ss_25            87           7.5132        13.7904        13.2230        10.4174         8.5707
ss_25            88           1.0851         2.9418         5.2466        10.7727        12.3698
ss_25            89           6.8248        10.3165         4.8771         5.8518        -4.3742
ss_25            90         -13.1342        -8.9097        -1.5162         6.5513        11.9471
ss_25            91           2.1127         4.8990        11.1807        12.9771        10.5953
ss_25            92          -9.5737        -9.2684        -7.3251        -1.0596         2.2012
ss_25            93          -2.3118         3.9119         8.4266        10.7900         9.0857
ss_25            94          47.3522        51.7412        62.0127        64.6617        59.7587
ss_25            95          11.3387        14.5675        18.1594        23.7420        28.1232
ss_25            96          -8.7557       -10.3845       -13.7774       -18.9028       -13.6904
ss_25            97          -5.1717         4.4550        10.2646        14.8831        12.6561
ss_25            98         -14.8232        -9.8469       -11.1733       -10.0164       -11.7414
ss_25            99           1.2968        13.9715        20.1248        24.0884        23.3017
ss_25           100          30.7942        24.6652        18.2464         9.0596         8.6127
ss_25           101           -.----         -.----         -.----         -.----         -.----
ss_25           102          -0.7193         3.7522         3.4284       -12.5579        -2.5743
ss_25           103         -13.6288        -7.3117        -9.5135        -6.8780        -2.9916
ss_25           104          16.6493        21.9929        22.4637        24.1978        15.2862
ss_25           105          21.3029        20.1209        22.3307        21.6846        23.7683
ss_25           106          20.3707        21.6532        23.1216        23.3916        17.1666
ss_25           107           3.5459         6.4298        -1.6496         0.4311        -7.7056
ss_25           108          21.3376        29.4291        29.8188        35.2332        27.9614
ss_25           109          17.8117        12.2754         9.0352        -1.7566        -5.3065
ss_25           110          15.4211        17.4407        24.2789        25.2876        21.9759
ss_25           111          28.6767        30.0927        24.2806        13.5963        23.3913
ss_25           112         -11.2963       -12.0172       -16.6337       -19.5569       -24.7103
ss_25           113         -13.5598        -9.2110       -12.7419       -15.5747       -12.0093
ss_25           114           7.3243         0.6240        -4.6233        -7.8376       -16.8121
ss_25           115         -27.4826       -19.0343        -8.8847         0.2169       -14.3423
ss_25           116         -23.1546       -20.0485       -18.4298       -19.0734       -23.1454
ss_25           117           4.9536        -5.2742       -12.5904       -15.4308       -22.4724
ss_25           118          12.1381        18.8268        24.2015        24.0370        16.9360
ss_25           119           7.0554         8.0670        11.5438         4.0510         6.1162
ss_25           120           3.6325         7.4693         7.8224         7.0925        10.0100
ss_25           121         -19.3403       -20.4667       -28.0375       -25.1645       -37.2544
ss_25           122           5.3474         4.7041         5.9446         6.1912         6.3658
ss_25           123          -5.1290       -11.3252        -7.1070        -6.3461        -4.6030
ss_25           124          11.2818        17.5419        18.6995        17.0656        14.7865
ss_25           125         -10.0882       -11.6923       -14.2324       -19.7037       -13.8092
ss_25           126          15.1263        19.2261        18.4018         8.2854        15.6184
ss_25           127         -19.5393       -17.6026       -13.7356       -14.0381        -5.8535
ss_25           128          55.2416        40.2763        36.8174        34.9623        26.6304
ss_25           129          -0.3335        -3.2005        -7.3018       -11.0237        -9.5309
ss_25           130          18.7729         9.3562         4.2451        -7.3746       -11.6810
ss_25           131          -0.6406        -0.1297         0.3284        -0.0975         0.1831
ss_25           132           0.0338         0.1165        -0.0339        -0.3773         0.2712
ss_25           133         -46.2502       -39.1357       -30.8817       -34.1826       -29.6657
ss_25           134          21.5038        24.0669        17.4519        11.9990         9.0131
ss_25           135          16.7659        14.3202        11.7697         6.6922         4.8183
ss_25           136         -25.8370       -24.5866       -13.1189       -17.1988       -17.6588
ss_25           137          35.0569        39.6015        39.4890        32.4664        28.0408
ss_25           138           -.----         -.----         -.----         -.----         -.----
ss_25           139           2.0315         3.8389        -1.6076         4.5865         7.8168
ss_25           140          32.4757        27.3228        20.2818        20.0487        22.3406
ss_25           141           -.----         -.----         -.----         -.----         -.----
ss_25           142           6.7736        11.0478         5.3910         6.0195         4.1805
ss_25           143          25.1811        28.4024        31.2627        39.4845        40.5921
ss_25           144          36.8680        37.3578        26.4970        21.1974        11.7681
ss_25           145           0.6169         7.0783        10.9020        13.8672        18.6010
ss_25           146           -.----         -.----         -.----         -.----         -.----
ss_25           147          46.7281        42.7141        36.5767        37.1874        24.3200
ss_25           148          18.1685        22.0058        21.9076        18.9512        -1.4406
ss_25           149           3.4641         3.9546         6.3816        11.8242         3.2575
ss_25           150           -.----         -.----         -.----         -.----         -.----
ss_25           151           3.7029         0.9621        -2.2261        -2.6071        -3.8706
ss_25           152          -7.4850        -1.6903        -3.6459         3.7058        -0.6670
ss_25           153           7.1333         2.4679        -0.4549         2.0835         3.6740
ss_25           154         -16.6131       -13.4562       -14.5517       -11.5559        -5.4165
ss_25           155         -11.1069       -11.7188       -15.4565        -9.2680       -12.1761
ss_25           156          -6.6570        -3.9874        -8.2317        -9.2796        -3.2541
ss_25           157           0.8540         7.7626         5.7424        -1.6119       -10.5744
ss_25           158         -12.7347        -6.2297        -1.2107         1.2507         4.9660
ss_25           159           -.----         -.----         -.----         -.----         -.----
ss_25           160          -9.5146        -6.2404        -1.5525       -11.7605        -7.4056
