Filename       Segment   T268T308Fz-ASNM T268T308FCz-ASNM T268T308Cz-ASNM T268T308CPz-ASNM T268T308Pz-ASNM
ss_39             1          10.2594        16.7676        14.9437        10.1323         0.0962
ss_39             2          17.1225         6.0047         2.7022        -7.0594       -11.8620
ss_39             3         -40.0648        25.7825        17.7108         7.7287        -3.8060
ss_39             4          -5.9922       -17.2792       -21.2112       -27.1280       -30.1262
ss_39             5          -3.9820       -15.3609       -12.2790       -11.3836        -8.5700
ss_39             6          -9.6681        14.1645         9.5563         5.5167         8.1017
ss_39             7          29.6002        23.9830        20.8066        18.9240        14.8173
ss_39             8          65.1265         7.9461         9.6964        14.1718        14.8769
ss_39             9          12.7232        16.9303         9.0623         4.9427         3.5556
ss_39            10          18.9616        29.6323        26.8989        15.4754         3.8579
ss_39            11          13.6881        31.6023        28.0376        20.1039         9.9410
ss_39            12         -28.0259       -16.8524       -19.7132       -17.9386       -14.4471
ss_39            13           8.8692        11.7921        19.3499        21.2005        17.9290
ss_39            14          48.0798         4.4950         7.1062         7.4594         3.4524
ss_39            15          62.3076         8.3783         2.7586         0.4208         1.4105
ss_39            16          35.9807        40.4588        37.3859        28.6229        25.0311
ss_39            17          49.0889       -17.6500       -13.6808       -13.4792       -11.3925
ss_39            18          28.4466        11.6683         4.0286        -6.1780       -13.9038
ss_39            19          11.7636        17.5173        15.4126        12.0293         7.8777
ss_39            20           -.----         -.----         -.----         -.----         -.----
ss_39            21         -14.9965       -10.2842        -6.4245        -6.7845        -2.0342
ss_39            22          -0.9946        25.5188        19.1831        11.7522         6.7592
ss_39            23          18.5050        20.1451        18.2470        15.5031        12.0553
ss_39            24          14.8073        43.1384        50.3993        51.1981        43.4013
ss_39            25         101.0928        30.3402        34.7337        33.1214        24.1954
ss_39            26         -17.8867        -0.5726         1.6198         0.9760        -2.8179
ss_39            27        -131.0973        38.2812        30.7891        24.5623        10.4735
ss_39            28           5.2271         2.5322         6.1952         6.0523        10.3004
ss_39            29         -18.5172       -11.6795       -11.9362        -9.4766        -4.0377
ss_39            30        -146.4531        11.2400        -1.2030         0.5626         3.0547
ss_39            31         227.4476       -15.8513       -18.5853       -20.6823       -18.7455
ss_39            32          83.1712        -5.8572        18.9090        14.8964         0.0219
ss_39            33         298.7328        23.7252        18.0089         8.6789         7.6658
ss_39            34          -4.1795        33.8131        32.5643        32.4771        19.6504
ss_39            35        -206.8297       -16.1063       -10.6430        -5.9986       -24.1658
ss_39            36         189.1115         7.5750        10.8383        13.7302         7.6250
ss_39            37          10.1285        12.1380        13.5096         9.1080         1.0376
ss_39            38          11.7117         9.7255         3.1700         1.4798         0.1883
ss_39            39         -31.5547       -29.3379       -25.2531       -20.4379       -17.6728
ss_39            40           0.4152         4.7607         6.0680         7.6017         5.2837
ss_39            41          19.0531        30.0299        26.3835        18.2881         4.7159
ss_39            42          25.7012        32.2006        39.8321        47.0763        40.2029
ss_39            43          29.8145        16.7685        23.1558        19.3659        13.4291
ss_39            44           -.----         -.----         -.----         -.----         -.----
ss_39            45         112.8454        25.9117        28.1506        16.3748        11.1479
ss_39            46         101.8386       -19.6424       -18.5626        -9.7826         4.5633
ss_39            47          53.9820        36.9044        31.4760        22.1407        19.3946
ss_39            48          10.8535       -12.2417         1.9150        -3.1733       -16.8414
ss_39            49           2.7609        12.7805         0.9057         0.1849        12.9823
ss_39            50          52.2832        46.4141        40.2330        29.8061        22.2149
ss_39            51          70.4353         5.6269         0.2173        -6.9812        -5.9436
ss_39            52          21.0925        14.6082        10.8221         9.1429         6.6739
ss_39            53          -6.3826       -13.1705       -11.3471        -6.9992         0.5316
ss_39            54          27.9356        37.8415        42.1247        41.5435        33.6427
ss_39            55          49.8264        38.2168        34.8754        25.9125        16.0940
ss_39            56         100.9459        37.1403        41.6181        44.8019        34.9324
ss_39            57         -40.2805       -15.6784        -8.0270        -1.2039       -15.0094
ss_39            58         -47.1358       -23.1633       -16.6785       -11.3321       -17.5925
ss_39            59          39.9650        23.2900        17.5389        10.8719        10.9184
ss_39            60           8.3402         1.4676         5.4794        11.9340        15.2082
ss_39            61          23.9185        21.5247        21.3583        15.9947        10.6392
ss_39            62          12.2887        15.7354        12.5606         3.1708        -7.8077
ss_39            63          69.1244        56.8249        44.6182        29.8156        21.7227
ss_39            64         101.5057        89.4463        60.6512        46.5473        47.4879
ss_39            65         -34.7251       -12.9585        -3.3597         2.6539         3.9236
ss_39            66         -40.1590        14.0228        16.8286        18.8740         8.8163
ss_39            67          18.8205        19.9322        15.1323         7.0380         5.6239
ss_39            68           -.----         -.----         -.----         -.----         -.----
ss_39            69         -17.5750         0.8448         9.2082         9.0139         1.3200
ss_39            70          36.8886        28.3983        23.0775        18.3799         8.4000
ss_39            71         -94.5470       -19.8324        -6.2297        -8.8778       -23.3491
ss_39            72          -6.5864        16.3549         9.4539         5.0871         1.8641
ss_39            73         120.3557        -4.3431        -7.0100        -2.4522         6.8348
ss_39            74          77.2187        13.6259         8.2759         0.7635        15.3585
ss_39            75           -.----         -.----         -.----         -.----         -.----
ss_39            76           4.5618        -0.4108        -0.4479        -0.7819        -3.1590
ss_39            77           4.4092        -0.0692         0.1266         0.3596         4.4274
ss_39            78          20.3929         4.9050         1.8155        -2.9070        -7.6338
ss_39            79          15.8102        13.1773         8.5238         0.9429       -12.2890
ss_39            80         -11.7123         1.7751        11.4318        11.6620        23.0553
ss_39            81           3.4405        -0.9765        -0.1441         0.8601         0.3316
ss_39            82          18.2036        -6.3812        -7.6593        -7.3201        -5.7573
ss_39            83         -49.1021         4.2453        17.2256         5.0341        67.9724
ss_39            84           -.----         -.----         -.----         -.----         -.----
ss_39            85          22.1339        19.1060        13.6131         4.1287        -1.1219
ss_39            86           -.----         -.----         -.----         -.----         -.----
ss_39            87           2.0860         8.8073        12.3129        12.1601        11.7430
ss_39            88         206.2318        67.4329        57.4302        56.2402        51.8524
ss_39            89         -70.1580        23.6130        26.3634        19.7619        12.1917
ss_39            90          54.1635        62.4316        56.3760        47.3483        37.8210
ss_39            91          39.9958        35.7847        26.7870        19.4025         7.1885
ss_39            92          38.3338        11.4818        14.3105        10.6392         2.5076
ss_39            93          37.4259        50.9791        51.5057        40.5949        30.0720
ss_39            94          31.6424        38.2942        39.0537        36.4119        29.6724
ss_39            95           8.2007       -15.6956       -18.1224       -16.8638       -17.7959
ss_39            96          11.7858       -16.5789       -13.6392       -11.8325        -7.9884
ss_39            97          -7.2798       -13.4704       -11.5565        -8.3352        -3.9531
ss_39            98           6.9547         2.9373         3.1444        -0.9765        -3.7549
ss_39            99          59.8987        51.0946        41.5420        33.2295        27.8391
ss_39           100         -20.0111        14.9419        13.7254         7.7990       -17.5550
ss_39           101           8.2708        -8.2900        -9.5473        -3.7965         1.5709
ss_39           102          39.3459        31.1119        32.9263        31.9401        24.6531
ss_39           103          -5.4596         0.5974         0.9603        -0.8027         0.8524
ss_39           104          19.4949        36.4833        30.6469        24.6955        17.8866
ss_39           105          12.5635        -5.0234        -2.3425        -1.2640        -3.6879
ss_39           106           4.1610       -15.4215       -15.0175       -13.2001       -25.4736
ss_39           107          -9.1089       -23.8275       -27.5091       -27.0716       -25.8299
ss_39           108           2.0267        19.9210        19.3641        16.9050         8.4944
ss_39           109          24.1606        13.6107        22.8559        21.4887       -15.2981
ss_39           110          11.9742        11.9919        13.3858         9.9424         5.8067
ss_39           111          36.1387        41.7046        39.5099        33.7696        23.4880
ss_39           112           0.0031         1.7682         6.1562        11.8653        17.4534
ss_39           113          11.9917        29.5404        27.8799        24.3300        25.5078
ss_39           114          33.4008        36.5727        31.7336        30.6544        26.6015
ss_39           115          37.8053        -0.6726        -7.0732       -12.9182         8.1371
ss_39           116          15.1027        43.4710        45.6920        42.5404        31.0398
ss_39           117          -5.5739        -3.3195        -0.4883         4.3971         3.3023
ss_39           118          20.5548        22.9981        18.7210        13.7762         7.6695
ss_39           119          24.4660        21.6281        19.5173        12.7531         4.6784
ss_39           120          89.7969        16.0644        14.3730        10.8989        -9.9033
ss_39           121          58.3489        25.2366        23.5280        19.7173         4.3252
ss_39           122           5.7628         3.3212         7.9682         5.0657        -3.5922
ss_39           123          24.5364        45.6967        45.4920        37.2327        30.8584
ss_39           124         179.3950        30.4034        35.8546        34.0147        23.2900
ss_39           125          23.7996        52.8408        44.6515        32.8225        30.2977
ss_39           126          11.0612        24.1101        30.2577        25.4667        32.2811
ss_39           127          46.9318       -29.8991       -26.5706       -17.7341       -10.6164
ss_39           128           3.8212        13.1570        14.9132         9.4318         4.6382
ss_39           129          22.6305         5.1764        13.3143        15.3520         9.8211
ss_39           130          65.8229         1.8096        -2.7986        -8.3726       -42.9200
ss_39           131          23.1627        30.5009        32.0826        32.4858        20.3373
ss_39           132          19.5246        38.0653        35.5055        22.8619       -15.9532
ss_39           133          56.9620        48.9266        48.2319        40.4382        29.3197
ss_39           134           -.----         -.----         -.----         -.----         -.----
ss_39           135           1.7210        -0.8764        -3.3992        -4.0718        -0.9307
ss_39           136          53.2176        32.3722        37.3088        31.6949        12.4819
ss_39           137         121.5974       -19.0818        -5.3727         9.7497       -17.1170
ss_39           138           2.4196        21.5415        25.0768        21.3443        18.9586
ss_39           139          23.4423        66.8711        58.5059        54.8387        41.7363
ss_39           140           -.----         -.----         -.----         -.----         -.----
ss_39           141          76.5648         1.8452         0.4556       -13.5772       -12.7107
ss_39           142          26.9687        53.5940        36.5078        27.7701        21.7280
ss_39           143          24.2862        16.0860         8.7017         4.0025        -2.2306
ss_39           144         112.5372        12.2796         4.3715         4.8989         7.5158
ss_39           145           5.5221        23.3442        24.0747        20.6529        45.8017
ss_39           146         176.8932        13.6032         7.9841        -4.6695        -1.1980
ss_39           147          -8.4235        -9.0419        -5.1608        -1.5772        -1.6983
ss_39           148          22.0749         0.7858        -2.4658        -4.8849         1.8633
ss_39           149          -4.7662        -3.6944         0.0948         2.8881         2.7623
ss_39           150          -0.0136         3.6263         8.4901         7.7321         8.8854
ss_39           151           3.7389        13.8011        13.8915         8.0989         0.9047
ss_39           152          11.2277         5.8692         2.9841        -0.3798        -2.2208
ss_39           153          36.9189        29.3163        24.3658        12.9590         1.1792
ss_39           154          10.5567        27.1252        27.6785        22.0368        16.6667
ss_39           155          11.3309         6.3669         7.6709         7.1946        -3.7759
ss_39           156          92.9647        10.9753         8.9564         9.0818         1.5274
ss_39           157           -.----         -.----         -.----         -.----         -.----
ss_39           158         -39.0031        21.8261        19.1706        17.1645        13.0189
ss_39           159         -16.8356       -34.3889       -30.9603       -26.4668       -17.6131
ss_39           160         -23.2282       -13.1206       -15.5551       -18.1384       -14.5459
