Filename       Segment   T252T292Fz-ASNM T252T292FCz-ASNM T252T292Cz-ASNM T252T292CPz-ASNM T252T292Pz-ASNM
ss_36             1           -.----         -.----         -.----         -.----         -.----
ss_36             2           2.2023       -12.0929        -4.4218       -36.8254        -1.4230
ss_36             3           6.5315         3.9247         0.3447        -0.6555        -3.2212
ss_36             4          -8.1285        -7.1565        -3.8471        -0.6132         2.6359
ss_36             5           9.4817         6.6818         4.6857         1.9772        -4.1237
ss_36             6          11.4333         9.0326         7.9161         6.6559         4.1089
ss_36             7         -39.7194       -14.2094         1.2350        18.4270         6.4646
ss_36             8          12.4387        13.0062        13.2229         9.1952         5.5314
ss_36             9          19.2752        16.8048        13.7586         6.8674         0.5916
ss_36            10          29.8251        27.2087        25.7636        22.6950        18.4987
ss_36            11         -17.6208       -14.9839       -10.0627        -8.1909        -6.6633
ss_36            12          24.0994        19.3144        15.9899        14.4738         9.5697
ss_36            13          41.9583        30.1999        24.8138        22.4552        18.5007
ss_36            14          -9.7736       -14.7236       -20.2586       -23.8312       -24.7200
ss_36            15          10.4196        12.8184        15.4361        13.8775         9.3115
ss_36            16          22.0376        22.2595        16.4604        11.3569         6.3633
ss_36            17          -9.2687        -6.9465        -5.1631        -6.0101        -7.2213
ss_36            18          16.0327        18.8242        13.9745         7.7989         1.6222
ss_36            19           0.0411         2.5501         1.5287         2.2955         4.7753
ss_36            20           7.6230         6.1207         4.3792         3.8992         3.5696
ss_36            21          27.9803        31.1678        30.8202        30.0764        27.9811
ss_36            22          26.3764        28.5106        24.3895        22.6290        22.0715
ss_36            23           8.6295         7.2421         2.2230         0.9580        -0.1581
ss_36            24          -4.1145        -7.3524       -11.9215       -12.1207       -10.3082
ss_36            25          28.9161        34.3050        35.7643        32.9477        27.9633
ss_36            26          -3.4350        -5.1121       -11.4261       -13.1425       -12.3347
ss_36            27          -1.9173        -2.8802        -4.9045        -5.9088        -5.5191
ss_36            28          15.3879        14.6705        17.2790        21.3413        22.6529
ss_36            29           1.5651         5.5475         5.5597         6.7320         6.3757
ss_36            30           5.1822         5.6552         1.2664        -2.4988        -4.7107
ss_36            31           4.1790         2.8004         0.5711        -1.1386        -3.6940
ss_36            32          15.4859        18.0829        21.6681        21.8409        21.4341
ss_36            33          12.1417        11.0655        11.7939        11.3227        10.7756
ss_36            34          13.2713        10.4955         6.4853         2.7968        -0.7056
ss_36            35          -7.5232        -8.5214       -10.2477        -8.8832        -3.0137
ss_36            36           9.0956        13.1020        10.8182         6.1645         1.5490
ss_36            37           8.7754         4.2381        -2.1447        -7.8818        -9.6396
ss_36            38          10.6982         9.4791         8.9526         5.5543         3.6098
ss_36            39           1.2701         7.3009         1.8111        -1.7103        -5.9270
ss_36            40          35.0842        37.9224        37.4768        33.4758        28.7138
ss_36            41           7.4791         6.5433         4.1424         0.3090        -2.8049
ss_36            42           -.----         -.----         -.----         -.----         -.----
ss_36            43           -.----         -.----         -.----         -.----         -.----
ss_36            44           -.----         -.----         -.----         -.----         -.----
ss_36            45           -.----         -.----         -.----         -.----         -.----
ss_36            46           2.2041         7.0119         6.8568         5.9078         5.7324
ss_36            47          -7.7952        -5.6876        -5.5088        -6.7757        -7.0569
ss_36            48           8.0172         9.8753        12.8943        14.0412        13.1663
ss_36            49          -8.6993        -8.7315        -6.3190        -4.2837        -1.8943
ss_36            50           2.5854         3.2088        -2.5558        -6.5667        -5.5318
ss_36            51           1.0972         5.3301         5.8392         5.3643         6.0424
ss_36            52          -1.1383        -5.0018        -6.4198        -5.6028        -5.9031
ss_36            53         -16.3872       -19.1066       -20.5260       -19.2742       -16.6763
ss_36            54          14.1074        13.8965        12.8410        13.3764        13.4079
ss_36            55         -11.7513       -12.1030       -14.2061       -14.7662       -11.7936
ss_36            56         -12.2763       -10.1943       -13.4340       -12.4681       -12.6996
ss_36            57           7.1911        11.0214         8.8020         8.6697         6.6610
ss_36            58           1.8272         2.2767        -0.2042        -1.4446        -0.7165
ss_36            59           3.3487         4.0288         0.9124        -3.7608        -5.7665
ss_36            60          -8.4501        -6.0874        -3.6825        -4.4720        -7.8579
ss_36            61           4.9783         5.7188         4.5002         5.5486         6.7751
ss_36            62           9.2066         8.0761         7.5715         4.7723         0.1807
ss_36            63          -3.1240        -2.9782        -6.1448       -10.2219       -14.1419
ss_36            64           6.0959         7.5407         8.7870         7.0410         3.8207
ss_36            65          11.9379         8.9850         4.1150         2.3165         1.4483
ss_36            66          -3.5798        -0.5828         0.3098        -0.3498         1.0841
ss_36            67          -5.5789        -3.9908        -4.3974        -8.3496        -9.8455
ss_36            68          16.6145        17.2114        14.2525        11.2035         4.4746
ss_36            69         -19.3236       -12.6052       -12.0725        -8.1797        -4.2478
ss_36            70           8.3219         7.4755         4.1648         2.4345         2.1625
ss_36            71         -18.1279       -10.2683        -8.2860        -8.3126       -10.3983
ss_36            72          30.1881        26.7400        22.2800        18.0994        16.6148
ss_36            73          19.3893        19.5271        19.6677        21.0716        21.8713
ss_36            74          12.9650        13.3855        13.2791        13.4611        14.7367
ss_36            75          41.1097        38.1569        33.6766        31.5032        30.4347
ss_36            76          -1.0185        -2.4382        -2.8399        -4.8156        -6.2516
ss_36            77         -11.5811       -11.7442        -9.6992       -11.3458       -15.3455
ss_36            78          30.8519        27.8677        23.9894        22.9559        21.4749
ss_36            79          24.7245        17.6130         9.7056         3.0698         0.2531
ss_36            80          -9.8622        -6.9269        -8.5386        -6.7628        -0.8025
ss_36            81          30.1907        30.3309        26.2294        26.5246        21.3488
ss_36            82          10.9847        13.2368        14.1758        13.5644        12.7839
ss_36            83           6.8587         8.9020        11.7295        10.4614        10.7318
ss_36            84          -9.3450        -8.0028        -8.4986        -8.7718        -8.4132
ss_36            85          24.6543        25.7958        23.4878        20.0687        15.8526
ss_36            86          44.0397        41.0605        34.6648        29.6765        23.0537
ss_36            87          13.2943        10.9152         6.4620         6.8543         7.5571
ss_36            88         -67.2273       -52.8878       -46.3932       -43.1193       -35.9762
ss_36            89           5.6706         6.7818         5.1978         5.3073         2.7966
ss_36            90         -25.6005       -23.1521       -18.8388       -13.4095        -6.2031
ss_36            91           8.1283         2.5117         3.4048         4.6430         3.4286
ss_36            92          23.3066        21.7014        18.6277        12.2397         7.3717
ss_36            93         -19.4707       -15.6432        -9.0826        -2.3249         3.1958
ss_36            94          -2.2237        -0.8768        -1.3382        -1.5286         1.0906
ss_36            95           3.6676         6.6298         9.4196         9.2133        11.4968
ss_36            96         -42.4038       -36.3994       -27.7508       -22.7802       -24.1612
ss_36            97          25.0284        22.4019        16.5605        13.6981        10.3569
ss_36            98         -15.2853       -15.4379       -16.5312       -13.6599        -7.8532
ss_36            99          46.8683        37.9175        33.1879        28.6708        22.9715
ss_36           100           0.9024         0.9002        -0.5872         1.4802        -0.0363
ss_36           101          -1.9265        -0.1988        -2.3194        -5.7224        -6.5766
ss_36           102          12.6587         9.6513         6.1610         4.3509         0.5457
ss_36           103           0.2499         4.1792         7.2319         9.5848         7.6640
ss_36           104           4.8653         4.5253         3.7829         5.9097         8.6319
ss_36           105          18.3540        16.7682        12.8344         9.5322         8.2433
ss_36           106          12.0925         7.5716         6.7511         4.1633         2.0703
ss_36           107         -10.0695       -16.2325       -20.5079       -22.8387       -23.5554
ss_36           108          26.1431        21.7032        20.5572        18.0221        15.7251
ss_36           109          21.0649        22.2583        19.2686        14.0321         7.3807
ss_36           110           1.1439         1.6807        -5.1401        -6.1400        -3.1318
ss_36           111           5.0321         4.0156         4.5830         2.4158        -1.3928
ss_36           112          27.8364        26.0463        24.0705        20.6166        16.3424
ss_36           113          29.9028        27.0656        20.9374        18.8620        12.2152
ss_36           114          14.3392        16.7742        15.9814        14.3188        12.5159
ss_36           115          13.1299        13.0411        13.2300         9.7856         6.0324
ss_36           116          -5.8712        -5.2836        -4.3192        -4.7412        -5.4833
ss_36           117          -7.2518        -6.4962        -8.3991        -8.4567        -9.8050
ss_36           118           6.6420         5.3762         3.8801         1.9002        -2.2253
ss_36           119          17.5900        19.3759        19.7134        21.3395        21.5115
ss_36           120           2.5881         4.4631         7.6883        10.0250         2.9093
ss_36           121           1.1071         2.9257         2.8391         0.9970        -2.3212
ss_36           122           3.1927         4.0857         4.2706         3.0890         3.0543
ss_36           123         -27.2252       -22.3193       -19.7556       -15.9700        -9.2364
ss_36           124          -6.8032        -9.2550        -6.8427        -7.1999        -9.5879
ss_36           125           5.1014         7.9721        10.6273         9.6734        11.4373
ss_36           126          22.8009        17.3688        10.4710         6.5220         4.8843
ss_36           127          10.2738         9.4951         7.4490         6.3304         3.4462
ss_36           128          10.1675         8.8857         7.5333         5.3099         0.8708
ss_36           129           8.3166         7.8617         4.1472         2.4223         1.0888
ss_36           130           3.4349         5.4286         3.5976         2.9232        -0.8864
ss_36           131          13.1357         4.5354        -5.4748       -10.0189       -12.1203
ss_36           132          -5.7705        -5.0626        -7.2652       -10.2530       -14.1215
ss_36           133          11.1023        15.7190        13.7048        10.0547        -0.0721
ss_36           134          -3.5980         2.2450         6.5192         3.0045        -2.2328
ss_36           135          13.7223        16.7188        14.0016        10.3634         4.3231
ss_36           136         -16.8743       -13.6332        -9.0593        -7.1870        -7.3570
ss_36           137         -10.6581       -12.0354       -13.6310       -13.3909       -12.9589
ss_36           138           5.3129         7.9510        10.0407         9.7294         8.8524
ss_36           139          30.9651        28.7877        27.4681        25.5198        22.9192
ss_36           140          25.7389        21.5208        17.4968        14.2519         8.5902
ss_36           141          -6.8941       -12.0413       -12.1039       -13.1130       -12.0032
ss_36           142          -2.2528        -0.8430        -3.0117        -4.5414        -5.1877
ss_36           143          -6.8626        -9.3429        -8.7379        -6.5353        -8.0113
ss_36           144          35.3030        39.1299        38.1421        34.8768        28.5095
ss_36           145          -3.8289        -3.7001        -5.1076        -6.4767        -7.1421
ss_36           146          24.5142        24.5458        23.0423        19.3499        14.8989
ss_36           147          -6.4150        -4.9790        -5.8646        -5.2101        -5.1752
ss_36           148         -12.0614        -5.7459         3.8288         5.2018         6.7004
ss_36           149          11.1662        13.4888        13.4313        13.2731        13.6036
ss_36           150          16.1573        19.6380        20.2035        19.4359        19.6587
ss_36           151           6.3740         9.6575        13.6416        14.0428        12.5521
ss_36           152          10.3817        11.1862        11.0012        12.0359        10.8941
ss_36           153          -5.0390        -2.3328         0.6377         1.4991         1.1912
ss_36           154         -10.4393        -6.9792        -0.0099         1.6502        -0.7992
ss_36           155           8.4706         7.8827         7.8652         6.8219         2.7516
ss_36           156          19.6498        22.7469        25.6799        26.5494        25.7297
ss_36           157         -15.0561        -6.6579        -4.9131        -4.6458        -2.6502
ss_36           158          -1.3562         1.4974         1.7362         0.8376        -0.8453
ss_36           159           7.2490        10.5788        10.7702         8.0967         4.8080
ss_36           160          41.2026        39.0005        31.0241        25.5249        20.0949
