Filename       Segment   T268T308Fz-ASNM T268T308FCz-ASNM T268T308Cz-ASNM T268T308CPz-ASNM T268T308Pz-ASNM
ss_32             1          -6.7591        -3.4930         2.2262         3.0014        -2.9549
ss_32             2         -35.6321       -32.7429       -25.9804       -20.1934       -15.1511
ss_32             3         -16.8210       -18.0688       -15.0151       -14.6444       -14.3337
ss_32             4           9.9717         6.6210         3.1188         1.7889         0.6309
ss_32             5           3.0840         0.7869        -0.6811        -0.9339        -0.8970
ss_32             6          10.5921         6.7901         6.9981         4.7458         7.2718
ss_32             7         -16.5845       -20.8795       -11.1974        -8.2088        -3.7311
ss_32             8          -2.6145        -2.8436        -2.0239        -5.3455        -9.8225
ss_32             9           9.9121         6.8971         0.2933         1.9614         9.4910
ss_32            10          11.1680        22.8101        23.8783        20.4208        16.6286
ss_32            11         -12.3585       -15.7486       -13.0724       -11.2714       -11.2987
ss_32            12          26.1981        19.0203         4.4299         2.9634        -0.1999
ss_32            13          13.2502         8.1947         8.6161        12.7430        12.2455
ss_32            14           8.0341         3.3589         7.7383        11.4606         6.2238
ss_32            15           7.5849        19.3760        24.6912        25.4654        27.5068
ss_32            16          -5.2878        -6.3207         0.6612         4.7421         4.3277
ss_32            17          -1.7612         1.3099         1.1523        -4.8342        -9.0653
ss_32            18          -8.0073       -10.6325       -13.9006       -15.8222       -16.7013
ss_32            19         -16.6775        -9.8790        -1.9793        -0.6232        -2.3771
ss_32            20           0.8651        -2.4018        14.7703        20.6847        50.5415
ss_32            21          -9.9413        -9.3419        -9.5162        -4.9796        -0.9448
ss_32            22           6.6195         6.7474        10.4801        11.1857        14.8526
ss_32            23           3.7544         8.1249        14.5700        17.2112        25.1783
ss_32            24          -2.3348        -2.3907         1.2672         0.8099         1.5264
ss_32            25           0.9635        12.2674        11.7675         9.2100         7.4394
ss_32            26          -8.1576       -12.2851       -15.2277       -17.5890       -11.2253
ss_32            27           3.2635        13.0487        16.9685        18.4792        26.0269
ss_32            28         -30.1070       -26.2665       -18.2816       -13.2247        -7.2191
ss_32            29          -2.7279        -0.9215         3.5585         2.3796        -3.4948
ss_32            30         -14.3419       -16.5594        -9.2584        -7.1617        -4.3904
ss_32            31          22.9355        23.9498        26.9816        26.8906        20.6774
ss_32            32          -4.6384        -1.4563         0.6237         3.5463         0.7151
ss_32            33          -8.7261        -7.5964        -0.6324        -4.8051       -34.4533
ss_32            34          11.7050        11.8625        13.3609        15.5501        10.5677
ss_32            35           3.4587        13.7054        10.8806         5.9607        -1.0115
ss_32            36          33.8624        35.5736        37.8998        32.4016        24.6539
ss_32            37          -5.6516         1.5233         3.4051         4.2493        17.1980
ss_32            38           9.5216         9.1626         9.7984        11.2119        35.4051
ss_32            39           6.0949        -8.4230        21.5472         6.9896       -11.4717
ss_32            40         -15.0510         2.1478        10.4975        12.4756        12.2439
ss_32            41           0.7028         6.4645         7.9580         5.4731         4.0026
ss_32            42          10.7459        17.8939        15.6196         9.0078         2.6613
ss_32            43          -1.1869        -1.9863         5.3189         6.2721         3.4606
ss_32            44          -0.9871         6.7743        21.2139        21.2136        21.3565
ss_32            45          -4.4291        -4.2122        -4.9679        -4.1655        -4.1755
ss_32            46          -1.3691         8.5582        13.9375        14.4745        14.2875
ss_32            47           0.4174         8.7196         5.2597         1.2966         6.1032
ss_32            48           9.9353        25.4657        33.1759        28.9137        25.3522
ss_32            49         -39.0698       -38.4936       -29.5863       -24.6940       -21.2222
ss_32            50          -4.9939        -8.1426        -4.6784        -2.6723         7.2896
ss_32            51           4.4695         6.5708         9.8002         9.2479         0.6457
ss_32            52          18.7867        20.3473        25.6573        27.3094        19.9046
ss_32            53         -13.3299       -22.8673       -25.2580       -19.5007       -28.4099
ss_32            54          -3.6731         3.3438         8.0778         9.1318         7.9289
ss_32            55          -2.8601        -2.8153        -4.3157        -4.9696        -4.6910
ss_32            56           8.2333        17.2882        24.2535        28.6675        33.7298
ss_32            57           8.0903        20.4019        20.7277        17.4103        14.3619
ss_32            58           6.9416         9.3834        12.4157        13.9183         9.2234
ss_32            59           9.9251         9.4582        10.1443         8.4048         5.8621
ss_32            60          15.3788        21.7496        22.8074        18.8902        22.4483
ss_32            61          14.8463        21.6664        24.8422        25.5955        17.8795
ss_32            62           1.9691         7.8218         4.3205        -0.9367         1.2208
ss_32            63          -4.3586        -2.4187         0.1348        -0.4352        -1.7571
ss_32            64          15.9189        17.4683        11.4558         6.2795         4.4679
ss_32            65         -12.5190        -3.3745        -3.2192        -9.2860       -16.7339
ss_32            66          11.7797        13.2171        13.5510         6.0918        -0.8201
ss_32            67         -14.5443        -5.4007         0.3788         6.2345        10.5766
ss_32            68          -3.1911         7.1889        12.7540        14.4457        15.0579
ss_32            69         -12.0278        -5.8460        -0.6175        -1.7612         3.0724
ss_32            70           7.4128        14.9517        19.8405        19.0119        18.3007
ss_32            71          -1.0807         0.0887        11.4818        18.8086        16.8673
ss_32            72          -4.8937         3.9270        11.3075         8.6203         8.8855
ss_32            73           9.6296        13.2659         9.5242         8.5362         6.3756
ss_32            74          39.9737        47.4613        43.3928        38.2449        35.0038
ss_32            75          12.8062        16.5568        21.4935        21.4476        17.5051
ss_32            76          33.2101        35.9171        35.1643        32.6238        23.3985
ss_32            77         -10.3388        -6.0453         6.6632         8.7356        10.3934
ss_32            78          -2.3661        -2.2876       -10.1437        -0.2137        -8.2406
ss_32            79         -13.2489        -9.9622        -0.0530         7.5772        12.5152
ss_32            80           2.1302         8.1370         5.6228         6.2531       -38.5758
ss_32            81          -5.5287        -4.5998        -4.5723         0.6945         3.1820
ss_32            82          -8.2779       -11.0036        -4.8230         1.8091         3.9119
ss_32            83         -10.2340        -1.3743         6.4382         9.4251        14.7776
ss_32            84          -3.4934        -4.9091        -8.6731        -2.5406        -0.4137
ss_32            85         -12.4837         0.0842         6.5610         6.8828         5.2407
ss_32            86          -6.8679        -7.9542         3.4467        15.4943        21.9776
ss_32            87          13.1183        14.6198        14.7128        14.3628        17.6202
ss_32            88          10.3523        13.2277        16.2414         7.2379        10.6444
ss_32            89          -0.9202        -1.5826        -1.1127         0.1460        -1.8940
ss_32            90          23.7914        15.5905         6.7920        -4.1656        -7.6055
ss_32            91           8.3336        11.1928        11.7563        10.5057         3.5535
ss_32            92          39.6318        41.8832        37.4152        31.0313        22.3007
ss_32            93          10.3275        21.5907        19.4126        16.3724        12.3874
ss_32            94          -3.8917        -3.6293        -5.1672        -5.2740        -5.1093
ss_32            95           7.1296        10.4498         8.5976         5.6797        -0.9663
ss_32            96          12.9304        12.6243        11.7614        14.1748        18.0718
ss_32            97          -7.2456         2.5991        11.4844        20.6331        20.0042
ss_32            98          34.2998        39.0098        36.8767        26.2732        16.9663
ss_32            99          -1.9044         6.0266         8.8182         9.9281         9.8455
ss_32           100         -13.0145        -8.7287        -6.1355        -5.2224         0.7583
ss_32           101           7.8066         8.2978        11.1599        11.8906         8.1870
ss_32           102          -1.3309         3.7881         6.8904         3.5595         0.3841
ss_32           103          16.9684        20.6001        23.6100        29.5997        26.4799
ss_32           104          17.8652        19.0838        19.5605        15.4062         9.6593
ss_32           105          -7.3685         0.4146         9.7312        13.7338        15.0158
ss_32           106         -17.8013       -13.8151       -13.4807       -10.8462        -7.3371
ss_32           107           4.5453         0.8360        -1.2877        -0.4477        -0.6072
ss_32           108          13.9726        20.7693        25.2678        24.4479        23.5338
ss_32           109          13.1509         6.8128         2.5318         1.4592         3.4392
ss_32           110         -12.0064         5.5364        16.5997        19.4212        20.2289
ss_32           111          -2.7776        -0.6730         4.4616         0.3957        -1.1609
ss_32           112          -6.3363        -1.0191         3.8091         0.0002         6.2721
ss_32           113          13.9927         7.1114         3.7802        13.6406        15.0009
ss_32           114           9.8007        13.9594        21.6792        17.6807        13.6340
ss_32           115          -1.9624         6.9424         4.2866         1.7429         3.9746
ss_32           116         -24.8632       -26.7705       -28.3094       -18.1091       -14.2468
ss_32           117          -2.4714        -4.8003        -8.0997         2.0954         3.5257
ss_32           118          18.3507        25.5682        23.2510        20.7692        15.0594
ss_32           119         -11.9806        -6.7936         9.3187         2.8747         9.0621
ss_32           120         -15.7067       -11.5791        -7.4422        -1.6255         0.8084
ss_32           121           -.----         -.----         -.----         -.----         -.----
ss_32           122           8.3993         7.1534         8.4895        10.0570        10.8690
ss_32           123           -.----         -.----         -.----         -.----         -.----
ss_32           124          -6.5719        -8.3847        -6.4288        -8.8489        -9.1365
ss_32           125          15.9529        21.0206        23.1215        22.3556        22.6918
ss_32           126           3.1880         0.3401        -8.1125         2.8812        -0.3604
ss_32           127         -10.5340        -4.6539        -1.0084         1.4686         0.3972
ss_32           128           4.8771         6.2998         2.7782        -1.4926        -3.6134
ss_32           129           8.0817        11.8090        37.2088        22.5569        26.4510
ss_32           130           9.8894         3.5693        -0.4300        -5.6095        -7.7961
ss_32           131           6.3983         6.4068         6.8415        12.6024        18.8360
ss_32           132           8.4281        13.8193         9.6589        10.2379         8.5880
ss_32           133          17.2782        16.6972        14.9937        10.9792         5.3682
ss_32           134           8.9945        12.1505         7.7932         8.4508         9.2642
ss_32           135           4.5405         9.5237         7.9390        -2.4355       -11.2299
ss_32           136          -7.8599        -3.0154       -10.1550        -9.1696        -7.6714
ss_32           137           6.5382        15.5589        18.9254        16.2289        11.4312
ss_32           138           4.1761         8.4982         7.5614         5.9786         8.8029
ss_32           139          10.9741         4.8204        -3.7213        -6.1344        -2.5105
ss_32           140          21.9382        19.0183        18.5004        16.6890        14.8454
ss_32           141         -14.1786        -5.6873         1.1047         1.0142         1.0663
ss_32           142           4.2931        10.4870        14.3756        10.4004         4.4946
ss_32           143           8.7228         7.2798        12.3692        21.7407        31.2199
ss_32           144          -1.0759         8.5314        11.4874         5.7205        -0.3945
ss_32           145          12.4269        11.5366         3.6081        -1.9324        -5.5336
ss_32           146          24.6223        20.8479        13.1148        13.8393        10.1813
ss_32           147          -4.5583        -8.9903       -15.4827        -7.0199        -7.0040
ss_32           148          18.6169        24.0377        23.1382        26.5298        21.2147
ss_32           149           6.9997         7.3542         8.8816         7.8970         5.5971
ss_32           150          -2.3730         7.2707        11.0095         7.3391         1.6170
ss_32           151          -0.9839        -2.4551        -2.3224         4.8793         1.6790
ss_32           152          -3.4069         2.4249         4.5366         7.7731         4.7452
ss_32           153          22.9021        22.2428        19.5562        20.8402        16.9947
ss_32           154           7.8666         8.8934        19.3413         5.3394         1.9223
ss_32           155         -14.0054        -7.7321       -11.7929         2.1475         4.7033
ss_32           156           2.3681         4.2951         6.1480         5.4315         0.6707
ss_32           157          -0.7506         5.3290         5.0078         7.3226         8.9648
ss_32           158          22.1691        14.7314        10.8283        10.9964         1.7708
ss_32           159           3.0649        -9.3207        -3.3595       -24.0426       -26.7771
ss_32           160          -0.7769         7.2291         5.7243         9.7670        10.3100
