Filename       Segment   T332T372Fz-ASNM T332T372FCz-ASNM T332T372Cz-ASNM T332T372CPz-ASNM T332T372Pz-ASNM
ss_42             1          13.5144        14.3286        11.7792         9.2575         7.7281
ss_42             2         -16.0649       -19.0375       -14.9235        -9.9024        -7.0597
ss_42             3          24.0192        27.2177        22.1206        17.1948        14.1609
ss_42             4          27.5855        32.3248        31.2456        31.6328        31.0183
ss_42             5         -13.5695        -7.0763         0.1542        10.7771        17.3563
ss_42             6          17.5305        21.5174        22.0495        22.0277        22.0751
ss_42             7           2.9944         4.7847         7.5611         6.6531         7.7690
ss_42             8         -13.3971       -15.4824       -18.0516       -20.1967       -20.9699
ss_42             9          -7.7550        -3.1509         5.3751        14.3964        21.0698
ss_42            10         -22.7026       -21.3785       -19.8733       -13.8566       -11.8302
ss_42            11           9.3513        13.8093        15.5428        16.3057        16.4887
ss_42            12          26.7720        28.5599        24.9979        22.0795        22.4804
ss_42            13          13.4720        17.1018        19.6667        20.8374        20.5378
ss_42            14          34.9743        34.3294        27.6521        24.6325        21.8502
ss_42            15         -18.8422       -15.0519       -12.7102        -8.6589        -7.0140
ss_42            16           3.3876         7.6621        11.0936        18.9141        25.3805
ss_42            17          11.0471        14.1202        16.0665        18.8391        20.5268
ss_42            18          35.0264        34.6147        36.0452        36.9266        36.0030
ss_42            19          -0.7234         1.3845         3.1674         3.8978         4.1272
ss_42            20           0.4131         3.4080         7.5665        11.8135        12.6585
ss_42            21           0.7547         7.5399         8.9437         9.0305         9.9309
ss_42            22           8.8833         8.6770         8.7379         8.9229         5.4203
ss_42            23          14.9062        20.3365        24.4481        27.6381        27.5000
ss_42            24          28.8529        26.2675        21.9181        19.7397        14.3438
ss_42            25          23.6950        24.0921        19.0136         8.6126         1.8747
ss_42            26          27.2936        28.6392        20.7466        14.2639         7.2095
ss_42            27          17.0570        18.4329        12.6840         8.0853         7.1433
ss_42            28          17.6284        17.5660        16.6014        19.0030        17.9370
ss_42            29          17.7170        18.4914        23.3630        24.9867        24.7608
ss_42            30           2.1556         2.4511         2.1436        -1.7835        -2.5150
ss_42            31          12.9774        15.5110        11.4778         8.2373         1.9560
ss_42            32          10.1518        11.3375         6.8084         3.1735         3.2386
ss_42            33          13.7848        17.0720        16.6027        18.4145        15.1485
ss_42            34          29.1310        31.2341        32.9288        35.1920        34.6724
ss_42            35          21.1198        19.3985        18.0838        16.4017        16.1620
ss_42            36          36.6765        33.2096        27.0765        25.3310        25.4646
ss_42            37          16.3526        11.6127         8.1389         5.8817         5.0791
ss_42            38           -.----         -.----         -.----         -.----         -.----
ss_42            39           7.3356         8.5934         8.7691         3.9925         2.2456
ss_42            40          20.5590        20.1479        18.0270        14.4379        11.9647
ss_42            41           9.6364        13.8086        15.5886        16.7339        17.6899
ss_42            42           4.6580         9.4213        10.6165        13.8987        17.3294
ss_42            43          24.6889        27.2267        29.9242        29.8028        27.4706
ss_42            44         -29.6945       -17.8338        -8.3112         5.7633        12.6467
ss_42            45          -5.6489        -3.6873         0.2207         5.2732         9.8419
ss_42            46          -9.1624        -4.3781        -1.4995        -2.6423        -2.6438
ss_42            47         -20.6231       -13.4616       -13.2461        -6.0330         1.5274
ss_42            48          45.9486        32.5575        21.5422         7.5155         2.5934
ss_42            49           5.8183        10.8271        10.6612        13.2645        16.0836
ss_42            50          -7.7155       -14.9152       -11.7747        -3.8537         3.7286
ss_42            51         -22.5618       -19.9248       -15.3691       -13.8243        -9.8130
ss_42            52          11.0756         7.7748         2.2370        -2.5846        -3.1544
ss_42            53           3.7611         3.3453         3.7861         3.2925         4.7790
ss_42            54          -6.1819        -5.0442        -8.0414       -11.0886        -9.8518
ss_42            55           0.5352         0.0106         1.8174        -0.9707        -2.7708
ss_42            56          -3.8435         6.8191         9.9478        12.3842        13.1822
ss_42            57           6.9267        13.3657        18.3498        21.8486        23.5029
ss_42            58          16.0671        15.5282        17.5829        18.6637        19.5221
ss_42            59          63.5838        55.5089        52.8747        45.7278        47.1960
ss_42            60          42.9673        48.4845        44.2173        37.2476        32.0931
ss_42            61         -12.9004        -3.2010         1.7079         9.3535        13.8875
ss_42            62          21.3421        18.5588        19.0607        14.6117        11.2727
ss_42            63          11.5966        15.5324        15.0433        10.3903         8.0505
ss_42            64          -5.8901        -6.4701        -6.0660        -3.2165        -2.1280
ss_42            65           1.8270         6.5158         8.5851         5.3846         4.8327
ss_42            66          31.4655        27.2089        23.3683        17.7346        12.1786
ss_42            67          19.8287        23.0932        24.3353        25.7665        25.7105
ss_42            68          11.4895        10.5975         7.5873         8.7591         8.0458
ss_42            69         -11.2778        -5.8968        -0.0342         9.4642         7.6657
ss_42            70           0.4825        -5.2059        -9.3998       -10.3699       -12.9089
ss_42            71         -16.3494       -15.9193       -14.8534       -18.0920       -19.9056
ss_42            72          36.7820        40.1544        31.4856        25.7514        18.4982
ss_42            73          31.5265        31.6186        31.2758        34.7503        34.6118
ss_42            74          16.8884         9.2192         7.0519         5.1176         5.8168
ss_42            75           4.8697         6.6535         8.5263         9.3715        12.7378
ss_42            76         -27.9826       -18.9979       -11.6546        -5.6162        -4.1849
ss_42            77           3.3496         6.5096        13.5119        17.6962        23.4372
ss_42            78         -10.2787        -9.6772        -8.7312        -9.7158       -13.7799
ss_42            79           3.5185         3.4873         5.8305         8.9545        13.2200
ss_42            80         -17.8094       -16.7998       -15.4603       -10.7205        -5.9995
ss_42            81          17.9324        21.0781        21.8520        15.0152         7.8367
ss_42            82          22.4865        25.7298        22.8801        18.7274        15.6933
ss_42            83          52.9119        55.7465        52.7454        46.4281        44.1302
ss_42            84           4.6745         6.7430         5.3336         7.5063         4.5625
ss_42            85           6.2508         7.7139         3.6074        -1.8224        -5.1550
ss_42            86           4.6761         5.6293         5.7896         7.9319         7.5652
ss_42            87          -2.3165         1.5941        -0.0129        -1.1834        -5.1828
ss_42            88          10.6282        18.2340        23.5176        25.3778        20.8515
ss_42            89          23.0199        22.0844        20.0568        18.4765        12.4552
ss_42            90         -19.4349       -17.3329       -13.4838       -13.1091       -14.2285
ss_42            91          30.2316        32.8815        32.4416        33.3437        32.1542
ss_42            92         -21.5846       -19.4713       -18.8776       -15.7470        -8.1687
ss_42            93         -14.6699       -12.8702        -9.4412        -9.8907       -11.8049
ss_42            94           1.1232         3.4301         8.4658        11.2486        14.9341
ss_42            95          27.5741        29.6261        30.3643        34.2973        35.7522
ss_42            96          -0.2125        -1.7205        -0.8341        -4.8329        -1.9009
ss_42            97          15.3921        16.5157        16.8586        18.8690        21.4819
ss_42            98           5.7909         7.2757         5.4293         7.6717        12.3399
ss_42            99         -12.6271        -9.3487        -4.4713         0.4625         1.4194
ss_42           100         -17.2421       -14.7481       -11.3265        -8.3485        -5.5416
ss_42           101         -15.7028       -11.5185        -6.2703         1.6056         7.8176
ss_42           102          -9.4967        -3.2581         0.8949         3.7170         3.8825
ss_42           103           6.2643         7.0254         7.5516        10.2735        14.1246
ss_42           104          10.4262         8.7272         5.4966         2.3752         0.0772
ss_42           105          -9.7306        -9.7006       -13.1328       -14.4527       -16.9115
ss_42           106           8.2361         6.8320         9.4796         7.1460         6.6809
ss_42           107           2.3011         4.2545         7.2677         9.5379         9.3123
ss_42           108          38.8136        41.2962        37.1255        39.5798        34.5674
ss_42           109          -5.8234        -1.4357        -1.8560        -0.0122        -0.4380
ss_42           110          21.8838        24.1014        21.7251        20.8938        17.7984
ss_42           111           6.7497         5.4599         1.9806        -1.9579        -5.0091
ss_42           112          28.1400        28.0004        22.5148        16.6803        13.2692
ss_42           113         -19.2498       -18.5360       -14.8042        -8.4141        -6.2767
ss_42           114          42.9115        28.8386        24.1750        19.7442        14.2807
ss_42           115          15.9297        18.6356        26.7292        31.7253        36.4475
ss_42           116          20.6188        18.5168        19.2032        18.4251        17.4550
ss_42           117          11.1324        14.8461        14.6346        16.9137        20.4929
ss_42           118          -2.4785         0.7741         8.1147        12.3124        18.4519
ss_42           119          -5.9639        -6.6684        -4.8867       -10.2636       -12.4555
ss_42           120          -4.7817        -0.7938         4.0654        11.2750        14.0065
ss_42           121           7.5519         6.6845         3.3457        -0.1835        -5.0080
ss_42           122         -24.1119       -20.8125       -11.8168        -4.8287         2.5566
ss_42           123          20.1149        26.1199        25.3821        26.8889        27.5579
ss_42           124         -17.9140       -18.8881       -14.8711       -10.1513        -6.4198
ss_42           125           9.5636         9.4264        13.5154        16.7464        18.1523
ss_42           126         -12.5243       -15.0821        -9.7375        -3.5927        -1.7480
ss_42           127          13.2369         3.7583        -0.1270        -5.3885        -5.4825
ss_42           128         -18.9497       -14.3942       -11.5656        -4.1179         4.0062
ss_42           129          26.3645        30.3377        31.3605        34.6336        34.7947
ss_42           130          26.4100        28.9769        27.9707        24.9273        25.6121
ss_42           131          20.4195        24.2376        22.0635        24.9417        28.5379
ss_42           132          25.0657        28.4544        27.1960        22.1454        19.4034
ss_42           133           6.9035        10.2257        10.7327        14.7953        16.6518
ss_42           134          -2.6851         0.9929         4.2257         5.6498         4.5565
ss_42           135          41.7960        38.7776        31.3924        27.3596        25.7937
ss_42           136          -8.7251        -8.0049        -7.1013        -6.0980        -2.1131
ss_42           137          28.7714        31.1203        27.3335        27.3855        26.9507
ss_42           138           7.5854        10.8189        11.3639        12.5635        12.3850
ss_42           139          13.5637         9.5464        13.2522        22.7601        31.8361
ss_42           140          72.5051        61.6344        53.7489        44.7956        39.3601
ss_42           141          60.0085        45.4703        38.9455        32.7920        29.6908
ss_42           142          -3.6611        -8.3202        -8.9195        -3.1496         3.6059
ss_42           143         -14.7576        -9.0802        -8.6173        -0.8801         1.2678
ss_42           144          30.1555        26.6176        15.4559        14.1240         9.4272
ss_42           145           4.5684         5.7020         4.8049         6.4823         4.4515
ss_42           146           8.8838         6.9226         4.8313         3.7809         1.9237
ss_42           147           -.----         -.----         -.----         -.----         -.----
ss_42           148          45.7004        31.5280        28.3851        24.3263        27.7200
ss_42           149          -4.2843        -7.3070        -7.8754       -10.1096       -12.2322
ss_42           150          23.8543        29.6130        32.0531        30.9457        24.5218
ss_42           151          -6.5956        -4.0755        -1.3224         0.0099        -3.5990
ss_42           152           8.4498        11.5685        12.0473        11.7957        10.2250
ss_42           153         -25.1393       -14.4614        -9.3445        -6.3115        -5.1950
ss_42           154           0.2827         0.8993        -1.9407        -4.9661        -8.5081
ss_42           155          -2.4627         1.3554         2.1027         4.5927         5.5285
ss_42           156           8.7200         9.9506        11.9402        13.1853         9.7514
ss_42           157           6.4736         4.1738         4.6971         6.8982         9.5319
ss_42           158          -8.8567       -13.3690       -11.5252        -8.1071        -6.8343
ss_42           159          -3.9319        -6.6770        -4.4768        -3.1035        -0.6907
ss_42           160          -8.8780        -4.8022        -0.7498         0.9289         4.0876
