Filename       Segment   T332T372Fz-ASNM T332T372FCz-ASNM T332T372Cz-ASNM T332T372CPz-ASNM T332T372Pz-ASNM
ss_47             1           5.8985         8.5558        12.6750         6.9387         7.6351
ss_47             2           0.6286         1.3267         3.1566        -0.1394        -3.4259
ss_47             3          -2.1055        -2.4306         5.8268       -11.7934       -16.4853
ss_47             4           1.4179        -0.2032         3.9672        -0.7978        -2.7231
ss_47             5           0.5183         1.2298         0.6687        -0.1412        -2.3597
ss_47             6           5.8933         9.2918        11.8021         8.6573         6.7373
ss_47             7           8.3735        10.1297        12.9217        15.4485        13.6624
ss_47             8          13.3261        16.5811        23.3603        18.7649        22.6967
ss_47             9          -8.2833       -10.7196        -9.0716       -14.9462       -11.9329
ss_47            10           0.4717        -0.0058         4.7732        -1.5773        -7.6702
ss_47            11          15.3790        21.0962        22.9128        24.2985        21.2864
ss_47            12          14.4717        19.0635        19.1064        32.0460        32.5222
ss_47            13         -41.2779       -20.4935        13.0903       -22.8770       -13.8129
ss_47            14         -16.3290        -9.1011        -6.6992       -21.2127       -14.3657
ss_47            15          15.4352        16.4798        16.1626        14.7834         7.7776
ss_47            16          18.4724        22.5128        28.6359        21.9820        19.0700
ss_47            17          -0.6073        -5.3997        -1.3856        -8.2169        -7.1185
ss_47            18          -1.5103         2.8011        14.3714         1.9384         2.5082
ss_47            19          10.8641        11.6201        12.5784         9.0305         5.0843
ss_47            20          -5.4375        -1.1149         1.1609        -6.5354        -7.2669
ss_47            21          17.9185        20.3012        24.0872        19.7670        12.0845
ss_47            22          10.8901        13.3895        15.4057        15.7802        17.2897
ss_47            23          -4.5421        -4.8250        -2.6458        -3.5929         9.6078
ss_47            24          11.9338        12.6900        23.6267        19.7271        18.9338
ss_47            25           9.3883         9.7174        10.7093        13.4873        17.1543
ss_47            26           0.5197         2.8610         2.5533         5.2452         8.2389
ss_47            27          12.3177        14.7693        -0.9860        18.5642        19.2109
ss_47            28          -5.6975        -3.6578        -2.9281        -3.2469        -2.1166
ss_47            29           7.0224         6.7304         8.4096        11.9641        12.7931
ss_47            30          31.3418        24.2313        10.3797        29.1669        14.4706
ss_47            31           1.3248         3.5900         6.3500        -0.5081        15.2223
ss_47            32          11.9845         8.4565         2.8987        -0.2877        -6.1515
ss_47            33           3.1375         4.3598         2.3196         1.5871         0.1405
ss_47            34          34.2081        28.0730        20.0660        25.9396        19.1702
ss_47            35         -10.3407        -5.8669       -12.5184        -8.3242        -2.6786
ss_47            36          -5.9116        -4.4196        -9.4045        -9.9579        -5.2815
ss_47            37           6.8815         7.6206         9.7431         2.8421        -6.8681
ss_47            38          14.3449        17.3678        20.5754        22.4810        24.5233
ss_47            39           1.9527         2.2393         0.9505         6.3918         5.3501
ss_47            40          23.3136        18.0828        26.7969        36.7425        32.5182
ss_47            41           8.4479         6.3007         5.6057         3.9400         2.2692
ss_47            42          -1.0201        -0.1370         2.2899        -4.1666       -14.3811
ss_47            43          10.7838        -4.1553        -3.0192         8.3665        -0.0394
ss_47            44          16.1363        23.1462        20.0530        19.2762        18.7796
ss_47            45           5.9376         5.8154        10.4697         2.4853         1.5479
ss_47            46         -36.8331       -34.8023       -19.3627       -43.4591       -41.4332
ss_47            47           5.5208         6.4108         9.8103         9.7030         8.1014
ss_47            48          18.1987        20.9506        24.2186        33.9942        31.8220
ss_47            49          25.1346        28.1457        34.6777        42.1518        41.2432
ss_47            50          12.3456        10.9649        13.9546        16.0459        11.3036
ss_47            51          47.1461        58.8435        29.1283        52.5009        40.3769
ss_47            52          -5.5936        13.8876       -37.0080        -6.4799        18.5007
ss_47            53           8.7266        11.4482        15.0784        14.6307        13.7791
ss_47            54          -9.4840        -7.6622        25.6418        10.3683         9.3020
ss_47            55          -8.5625        -7.2977         4.0381        -2.8418         0.0622
ss_47            56           5.5319         9.5088        10.8463        13.0115        20.1999
ss_47            57           4.2679        -3.2858         3.7985         1.9915         1.4713
ss_47            58           7.9481        10.2253         5.5749         7.3859        12.4150
ss_47            59          -2.5098        -3.7640         4.6221         2.4474         2.4059
ss_47            60         -11.6383       -15.0331       -15.4338        -8.2042        -7.2418
ss_47            61          -1.8793         1.7433         1.2887         0.5205         4.8898
ss_47            62           4.2932         6.1705         7.8934         9.9978         8.3661
ss_47            63          10.9748        18.8033        25.0256        15.2315        19.4293
ss_47            64          29.3841        41.9874        15.3547        36.7057        46.2637
ss_47            65           2.1686         5.2168        11.3479         5.9885         6.2405
ss_47            66           -.----         -.----         -.----         -.----         -.----
ss_47            67          -6.8801        -5.6340        -7.2403        -9.6003        -8.7809
ss_47            68          41.0411        36.0814        36.7581        51.3441        36.8977
ss_47            69           8.7152       -32.4166       -32.8163        20.5013        -3.4794
ss_47            70          11.0006         9.7388         7.3752        18.9114        18.6876
ss_47            71          -2.6234        -1.5037        -2.3349         3.2233        10.1563
ss_47            72           7.2077        11.6874        11.0237        12.2866        18.4132
ss_47            73          11.6454        10.9778        12.7256        16.4465        19.2650
ss_47            74           5.3741        12.9237        14.6986         9.5187        16.6520
ss_47            75           7.2825         4.4025         0.8372        -9.4354        -7.0699
ss_47            76         -10.0655        -9.9382        -3.1655       -14.2398        -8.9306
ss_47            77           6.6461         9.4782         9.5198        15.2075        16.8401
ss_47            78          -0.7737         1.4965        -3.2746        -4.9227        -6.9149
ss_47            79          23.8837        27.3527        35.1243        36.7628        34.6990
ss_47            80           9.3126        11.5640        13.0836        21.0309        17.5069
ss_47            81          -7.4598       -12.4556        -7.7602        -3.9413        -1.6717
ss_47            82          10.0260        11.0799        13.6792        11.0133         9.5369
ss_47            83          -1.7365        -7.0692        -3.3025        -7.6978        -1.8846
ss_47            84          11.0260         4.7952        -2.6721         6.3585         7.0560
ss_47            85          -8.6118       -11.8806       -11.7094        -8.1364        -4.8935
ss_47            86          16.7773        24.6805        27.5331        32.0272        40.6654
ss_47            87          15.2442        22.0658        27.7785        21.3445        19.0188
ss_47            88          13.0774        11.0587         8.6139        15.9074        19.3963
ss_47            89          21.8883        16.5545        10.8879        29.0791        30.4750
ss_47            90           3.8782         4.7241         8.4869        -1.6771        -3.4555
ss_47            91          -1.9281         2.8539        14.2073        -3.3870        -2.0999
ss_47            92          16.7616        26.2999        30.1542        28.6709        28.6603
ss_47            93          -4.1596       -10.2053       -18.6563        -6.6538        -9.3612
ss_47            94          -0.6948        -0.2943         1.3773         3.2595         7.2699
ss_47            95          12.5160         8.6290         0.2382        16.6152        23.2101
ss_47            96         -23.3016        -8.7732        50.7307        -9.9398       -11.2452
ss_47            97           5.2194        -3.7557         3.9797        -1.6251        -6.9660
ss_47            98           2.0551         4.3440        17.8531         1.5095         2.2957
ss_47            99          20.0477        23.3644        32.6100        28.6309        33.2542
ss_47           100           8.0296        12.1521         9.4295        10.8268         7.8915
ss_47           101         -11.8301       -11.1915        -5.7130       -14.1659        -3.5041
ss_47           102          13.1614         8.4065        16.4446         9.4462         2.8176
ss_47           103          15.5616        16.2986        24.4933        21.2655        18.0555
ss_47           104          -6.2504       -14.2083        -9.6037        -6.3789        -0.5349
ss_47           105           6.9042        13.6999        17.1486        14.4901        17.4440
ss_47           106          19.2508        14.4801        12.4380        16.1991        13.4745
ss_47           107          22.5964        24.6538        27.9043        28.4263        24.1600
ss_47           108          12.1657        17.5010        23.8761        24.1186        26.1821
ss_47           109           9.5434        10.9097         7.9497        14.0744        16.0867
ss_47           110          17.9973        16.7978        22.7134        18.5434        16.5767
ss_47           111           7.3124         8.2730         8.0361         6.2005         7.6058
ss_47           112          15.7524        25.9053        11.0673        24.7043        30.8794
ss_47           113          15.2647        28.5510        18.9614        17.5358        18.2841
ss_47           114          -1.5934        -8.3861        13.5363         5.9350        -7.4497
ss_47           115          26.3986        24.5128        26.5819        30.9534         7.9480
ss_47           116          16.5233        25.6295        19.8787        22.5478        20.5803
ss_47           117           3.9105         4.7398         3.9551         4.6012         1.0976
ss_47           118           -.----         -.----         -.----         -.----         -.----
ss_47           119           1.3256         1.2159        -2.4287         1.5297         4.2152
ss_47           120         -12.0945        -9.5258        -1.2119       -13.6297        -2.4767
ss_47           121          15.5447        -4.0802        13.1105        11.4485         2.7603
ss_47           122           5.7254        11.5191        11.2382        -4.2696        -2.5938
ss_47           123           5.9429         5.6367         7.8408         6.7879         8.5865
ss_47           124          -4.2947        -3.6372         0.9390         4.7750        10.0014
ss_47           125           3.1718         9.0634         9.8810         6.2298         8.6076
ss_47           126           6.0694         5.9983        10.0005         3.9547         5.9615
ss_47           127          -6.2720        -7.4865       -13.2308        -6.6815        -5.0246
ss_47           128           0.6259        -2.5019        -4.9415         7.7937         9.8207
ss_47           129           1.8465        13.9502        17.2270         8.6356        10.3235
ss_47           130          20.5246        21.5132        19.6975        38.8850        43.9029
ss_47           131          23.2170        28.1050        46.2906        23.2854        19.6025
ss_47           132           8.6612         5.5837         8.0598         4.4991         0.7489
ss_47           133          10.7977        15.7979        17.1944        15.8980        14.6910
ss_47           134           8.2426         9.0947         9.4479         9.4512         8.1159
ss_47           135           0.8550         1.4150         5.2834        -6.5210        -7.6707
ss_47           136          21.1803        29.5271        35.2757        27.4772        25.6317
ss_47           137          26.3925        32.9778        46.5701        31.3805        25.5828
ss_47           138          -1.3116        -0.5672        -7.3045        -6.9862        -3.5768
ss_47           139          -4.3907        -4.7762        -5.9681        -9.2744        -9.1017
ss_47           140          11.7384        15.1724        12.1210        13.4246        10.2086
ss_47           141           3.9965         3.2351         6.2194        11.0246        13.9347
ss_47           142          20.3592        24.6784       -18.6838        25.9992        35.5604
ss_47           143           6.1379         7.7375         7.8658        -3.5499         1.9228
ss_47           144          -6.1352        -9.5000       -34.4718        -6.6781         0.3570
ss_47           145          12.5133        11.8114        15.1489        13.9542         9.5132
ss_47           146          12.5365         7.7776        13.0057        16.2676        21.3460
ss_47           147          10.2548        14.8089        15.6980        19.2668        17.2462
ss_47           148          20.3022        23.1070        33.0231        23.0228        16.1301
ss_47           149         -39.5397       -36.6178       -28.7823       -91.0590       -78.8788
ss_47           150          11.8304        12.6596        21.6696        14.0114         8.7197
ss_47           151           2.6046        -2.6718        -2.8675        -1.2198        -3.8321
ss_47           152           9.4667        11.3222        15.9562        16.3229        12.5460
ss_47           153           5.8947         4.2365         7.8451         7.2048         2.7850
ss_47           154          -1.7984         1.0288         4.0715         6.4100         9.7261
ss_47           155          15.5619        21.6492        26.8773        21.9391        19.4426
ss_47           156          -3.9250        -5.2101        -7.3263        -7.5915        -6.4216
ss_47           157          -3.0651        -3.4337        -8.6257        -4.5584        -2.7352
ss_47           158          11.4869        15.3062        16.8824        16.2999        19.9735
ss_47           159          -6.7780        -7.3709        -6.4474        -8.9567        -6.0306
ss_47           160          11.1801        17.7777        22.2939        13.1361        14.4580
