Filename       Segment   T248T288Fz-ASNM T248T288FCz-ASNM T248T288Cz-ASNM T248T288CPz-ASNM T248T288Pz-ASNM
ss_56             1           9.9801         9.0139         6.4291         3.9784        -0.0868
ss_56             2           8.4831         8.9568         6.6688         2.7489         0.9778
ss_56             3          -8.7312        -2.1177         3.8209         8.1504         9.0360
ss_56             4          11.6168        11.9992        12.0461        13.5957        10.8569
ss_56             5          -3.8484        -4.8394        -8.0196       -11.6719       -13.4407
ss_56             6         -10.2233        -7.4486        -4.9137        -4.5396        -4.0697
ss_56             7           2.1133         5.2286         6.2197         2.5961        -0.8041
ss_56             8          16.2980        19.9870        14.8606         5.3180         9.4528
ss_56             9           2.9931         5.3686         8.6007         0.8071         3.6105
ss_56            10           7.6824         8.1602        -0.5389        -8.4825       -14.0073
ss_56            11          -1.6064        -2.1311        -2.7545        -7.0818        -3.1506
ss_56            12          -3.7271        -0.0881        -0.0123        -1.1495        -4.6721
ss_56            13           9.9857         9.0377         6.6332         4.6908         1.1361
ss_56            14          -4.3899        -5.8541       -10.0779       -14.8860       -11.4214
ss_56            15          -8.2262        -6.7233        -7.8005        -5.0187        -7.1693
ss_56            16          -2.2071         2.5248         5.5791         3.6315         1.7944
ss_56            17          11.5094         8.9317         6.2861         6.8996         4.0067
ss_56            18           5.5275         8.0460         6.0982         4.9295         1.1871
ss_56            19          23.7840        26.7704        24.8413        26.6218        17.4106
ss_56            20          12.9205        12.1812        10.4492        10.0059         8.2028
ss_56            21          14.2299        13.2385        11.3455         3.9055         5.2412
ss_56            22           3.7999         4.7395         5.7887         5.4643         5.3307
ss_56            23           0.2924         1.6193         3.5295        -0.3586        -1.3216
ss_56            24         -13.7536        -8.7750       -11.1897       -14.7627       -16.2585
ss_56            25          -0.3578         2.2917         5.3902         2.1540         2.7101
ss_56            26          -9.0868        -2.0347        -0.6444        -0.4295        -6.8890
ss_56            27         -34.0160       -25.6421       -20.6274       -12.6342       -11.9414
ss_56            28          15.3679         8.8854        -1.4801        -4.1963        -6.4401
ss_56            29          -8.6015       -11.7454       -10.9207       -11.1020       -13.3204
ss_56            30         -11.4441        -6.3798        -0.4648        -2.1054        -1.8381
ss_56            31           4.7101         5.0028         7.2029         4.9816         7.7530
ss_56            32          -6.0216        -3.1189         2.9528         6.8675         7.8162
ss_56            33         -21.7032       -15.2722       -10.6865       -10.9459        -7.0644
ss_56            34           2.4863         5.7740         5.1379         5.5688         6.8377
ss_56            35           1.1736         5.7608         7.6589         5.4821         1.6641
ss_56            36          18.6642        20.9492        19.4553        15.1858        13.1368
ss_56            37          13.4242        16.5127        17.2252        16.4944        13.9647
ss_56            38          27.9646        25.6609        20.3756        13.4386         8.2247
ss_56            39           3.6308         3.7385         5.2995        10.6257        16.0114
ss_56            40         -21.1300       -13.3831       -11.8884       -18.1599       -14.9382
ss_56            41           2.8422         2.2536         0.7905        -2.2352        -0.3113
ss_56            42          -0.9879        -0.6804        -2.9871        -3.3297        -3.5520
ss_56            43          -6.1686        -5.3335        -2.5321        -2.0232         0.5451
ss_56            44          -1.5275         5.2855         8.9759         7.9627         7.4052
ss_56            45          -9.0041        -5.7358        -6.2812       -12.8128       -12.0293
ss_56            46           1.4044         3.2339         3.8541         5.9821         6.9380
ss_56            47           8.3564         9.2619         9.6487         9.9367         9.1553
ss_56            48           4.9033         9.0642        11.0397         5.4332         4.7315
ss_56            49           9.5755        13.6978        12.4457        12.9401        12.2546
ss_56            50           3.8000         4.0491         4.5527         2.9587        -3.7988
ss_56            51          -7.1981        -1.8263         2.4334         1.7131         2.5354
ss_56            52          10.1774         6.4221         3.4466        -0.6393        -2.7562
ss_56            53          12.7995        11.8417        10.3846         6.9604        13.5576
ss_56            54           3.0912         8.2520        13.8765        11.2813        10.3328
ss_56            55          20.4312        15.9746        11.2864        12.5359         8.9446
ss_56            56          24.7972        18.2466         8.3539         6.8785        -0.0206
ss_56            57         -10.7112        -8.6340        -7.7923        -9.6578        -4.6581
ss_56            58           6.8195        16.4245        19.7525        19.4972        17.1352
ss_56            59           3.4113         5.2589         3.6664         2.9492         5.2661
ss_56            60           0.4227        -1.7823        -2.0055        -4.9815        -4.8097
ss_56            61          13.3022        16.7312        15.9549        15.2817        11.0738
ss_56            62          15.5543        17.3195        16.8100        15.5662         9.9023
ss_56            63           2.5954         4.2111         8.7671        13.2493        17.3485
ss_56            64         -25.5893       -23.2287       -24.2234       -26.5631       -25.9510
ss_56            65          10.5368        11.1116         9.6777         8.8391         9.5491
ss_56            66          -1.1672         3.9407         6.2103         3.7124        -1.1132
ss_56            67           7.4411         2.4454        -3.9859        -3.3672        -0.8947
ss_56            68          -5.2163        -2.8644        -2.0040        -2.8147        -2.2715
ss_56            69           7.2830        10.1110        11.2858        12.4829        14.5610
ss_56            70           3.0069         2.1555         4.1094         7.1821         8.6515
ss_56            71          -3.9157        -4.7121        -1.2822         0.1931         0.5479
ss_56            72          28.3215        27.0426        25.8597        25.8697        22.5574
ss_56            73           3.0720         4.3474         9.0555         7.6819        12.2870
ss_56            74          -7.4043        -0.2135         5.5528         6.8888         7.0361
ss_56            75           2.6153         8.0904        11.1647         7.8805         2.8964
ss_56            76           9.3026        11.6083        11.4835         8.0454         1.8295
ss_56            77           6.1560         4.8218         6.4621         5.1480         2.7046
ss_56            78           2.6613         4.7691        11.3793        10.3774         9.1104
ss_56            79           4.2973         2.0694        -1.3964        -8.0811       -10.9585
ss_56            80          25.0827        27.5344        21.5993        11.5789         3.1040
ss_56            81          -8.4237        -7.5249        -2.0823         1.9217         4.1089
ss_56            82          -0.4754         5.0532         4.3248        -3.5685         0.6997
ss_56            83          -9.8559        -8.1353       -13.1778       -15.8480       -17.4809
ss_56            84         -12.2742       -10.8453        -6.5108        -6.4512        -5.4421
ss_56            85          17.9135        18.7840        20.8435        18.9542        12.9886
ss_56            86           7.3878         7.8662         6.5155         5.0381         1.6784
ss_56            87          -2.6979        -0.9174        -2.0574        -4.7290        -6.9291
ss_56            88           2.2844         3.5186         5.1417         8.0719         5.6947
ss_56            89           1.8713         3.9227         6.2090         5.4180         1.8587
ss_56            90          17.5778        24.7406        28.9639        28.2022        26.9034
ss_56            91           9.0330        10.6314        13.8905         9.1640         9.9080
ss_56            92         -12.6315        -8.7764        -6.9292        -7.0320        -8.8460
ss_56            93          11.8339        11.2132         6.6891         4.1334         0.7463
ss_56            94           8.4299        10.8257        11.4079         8.5161         6.1045
ss_56            95          27.6360        25.1633        18.7395        16.7255        10.3690
ss_56            96           5.1224         5.7340         7.7091         4.5915        -1.5383
ss_56            97          -2.5446         2.1334         6.9563         3.1242         5.0079
ss_56            98          -9.8013         2.4960        10.1784         8.7069        14.0418
ss_56            99           8.7691         7.4131         5.9391         5.2910        -0.2625
ss_56           100          10.0589        10.0350        11.7833        11.0135        12.4194
ss_56           101          -2.7389        -2.0224        -7.1126       -13.0703       -15.5244
ss_56           102          14.1951        14.2752        18.3128        21.4780        17.4577
ss_56           103          21.5422        19.3380        16.1440        12.5992         5.0997
ss_56           104          12.4778        12.4450        11.0139         8.9679         8.2055
ss_56           105          -7.0032        -7.8310        -8.6011        -7.6106       -11.9228
ss_56           106           7.2163         6.5276         3.1263         1.0423         0.4480
ss_56           107           8.1952        11.8096        12.1801         7.7790         0.5218
ss_56           108          11.4276        13.6446        16.6005        19.3906        14.4283
ss_56           109         -12.9256       -12.8477       -11.8261       -12.9899       -12.8044
ss_56           110          13.5495        14.7553        14.3271        12.7293        13.2216
ss_56           111           5.0320         8.1826         4.4654         2.0427         7.3863
ss_56           112          11.2226        10.8365         7.2577         2.2493        -1.2019
ss_56           113          -0.2945         1.2521         0.9191         4.2130         6.9331
ss_56           114          -9.4615        -4.0814        -3.3212        -0.8696        -3.7175
ss_56           115           4.5739         3.8405         3.9717         3.8172         5.0186
ss_56           116          13.6980        15.9478        14.3554         9.2568         4.8952
ss_56           117           3.6423         7.3961        10.2560        11.0083         3.3638
ss_56           118          14.8189        14.4101        10.7797         8.3498        11.7429
ss_56           119          -4.6207        -1.3446         1.8856         3.1570         4.7188
ss_56           120          22.5778        26.9603        27.2109        22.5010        20.9886
ss_56           121           5.6687         8.8774        12.4018        10.5401         9.4165
ss_56           122          -0.2921         1.8774         3.4332         1.5803         0.8686
ss_56           123          18.0030        20.7629        17.6135        15.5709        11.5199
ss_56           124          29.6255        29.0568        27.5635        22.5363        21.2294
ss_56           125          17.8070        23.7739        28.2520        19.6495        19.6540
ss_56           126          11.8758        12.7769        12.4873        11.5887         8.7449
ss_56           127           9.6652        12.2732        15.1709        18.0212        13.4289
ss_56           128          -8.0807       -13.0434       -18.1214       -19.0052       -17.7196
ss_56           129         -13.4445        -0.9955         9.0096        11.7130        14.1716
ss_56           130          11.1338         7.1690         3.5914         4.8980         4.3722
ss_56           131         -15.1238       -11.8996        -6.5210        -5.2257        -2.5260
ss_56           132          13.1264        16.9300        21.6855        28.6465        23.8830
ss_56           133           1.1896         3.8325         1.8624         2.5721         2.5865
ss_56           134          -4.0861        -0.2085         2.0593         2.8746         4.2678
ss_56           135          36.9522        39.5842        39.1228        35.3550        31.7090
ss_56           136          22.1773        22.2530        18.8751        16.2205        15.6954
ss_56           137           4.4363         6.8212         6.4487         2.5088        -5.2279
ss_56           138           7.0659         7.5497         8.6283         7.4264         3.9342
ss_56           139           9.7746        10.8346         6.6941        -2.3057        -2.1935
ss_56           140          -2.4440        -0.7454        -3.7422        -8.8730       -16.9527
ss_56           141          11.6301         9.6309         9.1439         7.9389        11.0763
ss_56           142          -1.0919        -0.0023         4.4683         6.5240         9.6379
ss_56           143          -6.3606         0.1456         3.3417         3.5246         1.3661
ss_56           144          32.9092        33.8299        31.7479        26.3332        12.5025
ss_56           145           0.5210         5.0259         8.7646        15.1681        21.7491
ss_56           146           3.5722         7.1485         6.8952         7.0723         6.5730
ss_56           147          14.3478        16.4191        16.3627        12.8728         8.1259
ss_56           148          -8.6930        -8.2633       -10.6607       -14.4600       -11.3239
ss_56           149           4.6942         5.0370         5.6868         4.3439         0.9965
ss_56           150          18.2036        19.8396        22.5845        21.2484        24.1325
ss_56           151          18.9558        20.9660        17.6955        14.8973        12.4268
ss_56           152          22.7025        21.6851        19.6673        14.2164         2.3527
ss_56           153           1.9515         1.0985         0.7447        -0.1001        -3.9106
ss_56           154         -15.6035        -6.5664         7.0352        15.7248        16.5394
ss_56           155          21.4378        26.0855        25.4984        21.0736        15.5188
ss_56           156         -13.9605       -15.1180       -12.9423       -12.0782       -13.3610
ss_56           157          -9.8325       -13.0899       -17.4013       -17.6854        -9.6606
ss_56           158          17.7290        18.2916        14.7260        13.7131        18.6678
ss_56           159           2.5158         9.3031        12.2092        12.9181        14.4865
ss_56           160          14.5803        16.2528        16.3730        12.5276        14.9420
