Filename       Segment   T256T296Fz-ASNM T256T296FCz-ASNM T256T296Cz-ASNM T256T296CPz-ASNM T256T296Pz-ASNM
ss_51             1         -11.2311        -3.7203        -9.0974        -9.5427        -8.7043
ss_51             2          -0.4721        15.3509         9.5413        -0.4201        -7.8372
ss_51             3           8.9841        12.0504         7.3998         5.7992         0.8563
ss_51             4          -0.3850        -4.9397       -11.3780       -17.6105       -16.0838
ss_51             5           2.1405         4.3558        -4.8282        -9.3768       -10.5464
ss_51             6           6.9968         8.0054         2.3112         5.1428         1.6532
ss_51             7           8.2183        15.1303        15.2999        12.2324        16.1490
ss_51             8         -18.1896       -11.2463        -2.9676         4.6523        12.2283
ss_51             9          -3.9131       -13.8031        -7.1177       -12.1784       -14.9085
ss_51            10         -13.2069        -7.2357        -6.0132        -1.0985         6.5464
ss_51            11           4.6550         6.8967         6.3462         7.5354         8.9714
ss_51            12           3.0795         8.5745         5.9070         0.6933        -3.9844
ss_51            13         -14.1255        -3.9510        -0.8398         5.4011         8.6134
ss_51            14          25.0688        27.5121        21.7355        10.8732         7.1137
ss_51            15         -13.2322        -3.9990         2.3679        -2.9392        -5.7030
ss_51            16         -16.8345        -4.3007         0.8256         1.8306        -1.7935
ss_51            17         -11.0735       -10.2824         2.5733         7.0258         5.7177
ss_51            18           4.7253        13.5012         8.6962        10.1588        11.1965
ss_51            19           -.----         -.----         -.----         -.----         -.----
ss_51            20          -4.3715        -5.6600        -5.2817        -5.8750        -4.1559
ss_51            21          25.4300        28.5159        21.5749        12.5075         6.0961
ss_51            22          13.6369        18.4888        25.6779        25.1006        28.9852
ss_51            23           -.----         -.----         -.----         -.----         -.----
ss_51            24          -3.1807        -3.2779        -3.9833         1.0511         4.1242
ss_51            25          -2.4986        11.4872        15.6178        11.6942         8.6027
ss_51            26           -.----         -.----         -.----         -.----         -.----
ss_51            27          -3.2599         4.9029         7.4182        11.0874         7.7381
ss_51            28          31.1146        22.0015        27.0882        18.7287        13.4575
ss_51            29           -.----         -.----         -.----         -.----         -.----
ss_51            30          39.2723        17.7655         7.7136        -2.0293        14.5463
ss_51            31         -50.7376        22.9122        30.0705        29.4040        -8.8005
ss_51            32          57.5825        -4.4116         0.9383         2.4527        17.0138
ss_51            33          16.3929        -1.8786         3.7083         2.8807         8.4279
ss_51            34           8.2921       -16.2458       -12.7058       -11.2606        -0.0317
ss_51            35           -.----         -.----         -.----         -.----         -.----
ss_51            36           -.----         -.----         -.----         -.----         -.----
ss_51            37          84.8114        23.3509        18.0795        12.0045        44.5196
ss_51            38         -26.2889       -23.9222       -16.4370       -10.4359       -27.9439
ss_51            39          -5.7126        -6.2626       -10.9799       -15.9664       -19.4350
ss_51            40         -15.9681       -14.1510        -2.9883         8.6341        15.9569
ss_51            41          -4.7534        -4.6850         0.4033        -2.5214         0.7119
ss_51            42          -1.2108         0.6536         5.0020         5.6915         6.7249
ss_51            43          64.0130       -42.6153       -32.9269       -31.6005         1.3618
ss_51            44          16.2734        13.8969        11.7535         7.2721         6.5322
ss_51            45          25.8989        25.8477        19.2101         6.8741         1.3761
ss_51            46         -52.3147       -23.4380       -20.9977       -24.7350       -66.9539
ss_51            47          33.2804        -6.5487        -2.8956        -3.2238        56.6529
ss_51            48           -.----         -.----         -.----         -.----         -.----
ss_51            49          37.8872        15.3933        10.6088        11.6967        42.2738
ss_51            50          39.0836        22.4346        23.1258        22.6344        24.5972
ss_51            51           -.----         -.----         -.----         -.----         -.----
ss_51            52          11.3572        -6.2288        -4.1798        -1.3856        45.9011
ss_51            53          23.2113        -0.1071         0.1199         1.8976        14.2261
ss_51            54          32.1038        22.0515        15.1509        15.4031        24.1134
ss_51            55          17.8584        -0.9567        -3.9622         3.5853        25.8021
ss_51            56          56.8410        47.0195        37.7882        32.4115        36.9916
ss_51            57          31.5224        20.8959        10.1035        13.4300        27.8982
ss_51            58          43.0561        18.8735        17.7881        12.6781        43.2145
ss_51            59          11.7510        14.2550        12.7793        10.3236        -3.2125
ss_51            60         -10.8977       -14.5539         0.2195         3.4265        13.5347
ss_51            61          -2.1502        -2.2045        -2.2788         1.4208         3.9550
ss_51            62         -25.0882        15.0497        16.1051         8.9876       -42.4196
ss_51            63         -10.3802        -7.5016         3.2470         6.4022        21.8459
ss_51            64          24.4171        22.7683        19.3925        17.6659        22.8383
ss_51            65         -17.9562        10.5384        27.7282        30.1760         3.8080
ss_51            66           5.5054         7.0530        10.8416         8.2054        46.1142
ss_51            67         -16.5038       -21.8763        -8.4249         2.4949        25.3298
ss_51            68          26.6893        27.7846        27.9754        16.7439        17.6954
ss_51            69         -14.5312       -19.3015        -6.9756        -7.0762       -29.2263
ss_51            70         -34.3981       -13.1323       -12.7660        -9.2060       -41.4323
ss_51            71         -81.6194       -15.1496         2.7149         9.8160       -60.4187
ss_51            72          38.2219        18.4916        15.5742        11.3471        30.3509
ss_51            73           -.----         -.----         -.----         -.----         -.----
ss_51            74          11.3572        14.0793        15.9950        14.8452        26.3825
ss_51            75          -3.1211         5.1373         7.4408         8.1139        11.7321
ss_51            76           1.5496         9.3130         9.9180         8.8822         6.0149
ss_51            77         -22.2942       -15.6558        -1.8583        -5.5867       -49.9757
ss_51            78         -32.5267       -33.8090       -26.8304       -22.0697       -14.3138
ss_51            79           3.6018         9.5269         2.4710         3.6183         3.9681
ss_51            80          63.9647         5.2152         7.2552         5.9405        29.5903
ss_51            81          81.2928        11.9710        10.8353        12.4201        84.9011
ss_51            82           7.0446        15.0598        16.3380        13.9226        -1.3534
ss_51            83         -19.7989       -11.9528        -3.7855        -4.5399       -16.1008
ss_51            84           -.----         -.----         -.----         -.----         -.----
ss_51            85           -.----         -.----         -.----         -.----         -.----
ss_51            86         -20.1612         3.4518        -1.1515        -7.4519       -30.6253
ss_51            87         -40.2240        -2.6180         0.9444        -2.0413       -15.3779
ss_51            88          35.9315        30.6122        28.1535        23.4639        20.2483
ss_51            89          -3.6117        11.8524        16.0419        16.3920        19.4548
ss_51            90          -9.0665        14.5927        14.8839        10.0645       -20.4751
ss_51            91          27.7475        40.9703        48.5205        46.2474        39.2310
ss_51            92         -15.2182        13.7290        -0.5784       -10.0413       -65.4510
ss_51            93          18.6719        22.0908        22.2129        15.0469         8.8804
ss_51            94          -7.1476        -3.6193         6.8708         5.8882        -4.6902
ss_51            95          85.4894        23.0236        15.6910         5.8241        63.3690
ss_51            96          10.8782        16.1176        18.4289         9.8671         8.4713
ss_51            97          17.1153        23.9219        26.4955        21.3737         5.4766
ss_51            98           -.----         -.----         -.----         -.----         -.----
ss_51            99         -79.9961       -31.3067       -18.8214       -13.6597       -69.8203
ss_51           100         -13.6821        -8.0947        -4.1383         2.4876       -12.5095
ss_51           101           6.1453        10.4962        13.1702        15.9853        10.2426
ss_51           102         -59.7703       -25.1543       -17.5881       -22.2942       -62.4626
ss_51           103         -18.9778       -21.5035       -11.3067        -7.5169         6.3006
ss_51           104         -30.4374        19.4731        21.4480        22.0396       -26.2905
ss_51           105          67.9924        27.9600        24.7914        25.9843        83.3066
ss_51           106          57.0198        14.2248        20.3955        20.1772        64.5957
ss_51           107         109.9861        34.6166        21.0982        10.3555        67.0153
ss_51           108           -.----         -.----         -.----         -.----         -.----
ss_51           109           -.----         -.----         -.----         -.----         -.----
ss_51           110         -34.0408       -29.7867       -25.6781       -20.9627       -15.5896
ss_51           111          43.4518        42.1218        29.9399        21.4903        10.0813
ss_51           112         -12.2663         3.1535         5.2022         3.8229        -5.2136
ss_51           113          16.4475        22.6662        26.5495        27.4637        28.8118
ss_51           114          12.8322        14.4985         5.5602        -3.1759        -3.9035
ss_51           115           -.----         -.----         -.----         -.----         -.----
ss_51           116         -14.2655        -4.6076         0.1653         1.0010       -11.6724
ss_51           117         -10.7378        -0.4210         7.1132         9.2508         7.6620
ss_51           118         -14.9853       -11.2377       -17.1828       -20.0632       -20.1532
ss_51           119          31.9381        35.2265        29.8983        22.7723        19.7766
ss_51           120         -10.2693        11.9862        19.9479        19.0548         6.6165
ss_51           121         -36.1853       -26.2819        -2.7265         0.7359       -17.4163
ss_51           122          -8.7179        -1.7430         1.1332         8.8351         7.6985
ss_51           123           -.----         -.----         -.----         -.----         -.----
ss_51           124         -93.4749       -56.6633       -38.3889       -26.2872       -17.2201
ss_51           125          23.4723        10.4149        16.3100        19.9302        26.3574
ss_51           126          -0.8203        -0.0039        -6.8132        -9.0311       -10.4099
ss_51           127          -1.8762        12.4741        14.6892        11.6949         5.8733
ss_51           128          -0.3227        13.8358        10.5596         8.0843         9.4973
ss_51           129           -.----         -.----         -.----         -.----         -.----
ss_51           130          19.9817        14.7772         8.6512         6.8901         9.3372
ss_51           131          45.0682        10.1961         7.4219         4.9455        67.4669
ss_51           132           4.6043        15.2810        19.9328        16.8335        18.2182
ss_51           133          24.3475        18.6770        17.8281        12.2386         5.6131
ss_51           134           4.6925         2.2232        13.3592        15.6065        20.6332
ss_51           135          99.4779        40.5302        29.0100        23.2190        78.6902
ss_51           136          15.7438        15.6346        14.0967         7.0122         1.1639
ss_51           137           0.2725        -5.0656        -0.3700         2.2338         3.4998
ss_51           138         -26.4008       -25.4170       -18.3473        -9.7358        -5.5870
ss_51           139         -35.9730       -15.8892       -15.8895       -12.2398        -4.4106
ss_51           140          -5.8544        -2.8715        -1.4951        -4.1619        -5.6359
ss_51           141         -14.4140       -11.7402        -3.8533         1.9381         6.9301
ss_51           142          -5.6786        -4.0050         4.1605         3.1314        -2.1308
ss_51           143         -32.5287       -24.1723        -9.1384        -0.0925         8.1917
ss_51           144           6.3523        13.5816        21.3821        23.4759        21.6755
ss_51           145          -7.2823        -6.5560         0.8715         2.7146         8.5049
ss_51           146          29.9143        30.3363        38.9053        36.3990        45.0263
ss_51           147         -34.5306        22.8031        17.1994        16.1229       -11.3648
ss_51           148          -4.3890        -3.6220        -6.5094        -2.9500        -4.4435
ss_51           149         -10.3170        -8.3116        -6.8617        -8.4813        -6.6287
ss_51           150         -31.4997       -30.8898       -23.6792       -24.8524       -24.0715
ss_51           151          16.9423        15.9912        20.7684        24.1482        29.8835
ss_51           152          28.2880        42.5199        47.2316        43.6171        38.8267
ss_51           153         -17.2532       -13.9407       -16.4750       -18.7376       -16.7840
ss_51           154           6.9265        15.2417        15.8615         9.5710         4.4575
ss_51           155          18.6915        28.9234        29.0702        30.2346        25.5985
ss_51           156         -16.6348        11.6028        10.8665        12.4872        14.3939
ss_51           157           -.----         -.----         -.----         -.----         -.----
ss_51           158         -23.6377       -21.4142       -24.3187       -22.3631       -16.2784
ss_51           159          -1.2952         8.5374        17.4640        19.3838        22.1876
ss_51           160          28.8800        31.3064        34.2483        29.5456        26.0344
