Filename       Segment   T220T260Fz-ASNM T220T260FCz-ASNM T220T260Cz-ASNM T220T260CPz-ASNM T220T260Pz-ASNM
ss_52             1          12.7669        13.0982        -1.6523       -11.7934       -15.9175
ss_52             2         -19.7409       -13.4437        -7.7672        -9.2719       -16.7830
ss_52             3           2.8202        10.4875         6.2325         2.9786        -9.6670
ss_52             4          15.2902        18.1605        14.1000         7.0570         3.1032
ss_52             5           3.8922         5.1072         0.6831         5.4341        11.3208
ss_52             6           9.9813        12.0449         4.5473        -0.8317       -12.7235
ss_52             7         -16.4514       -20.8342       -18.1043       -18.8259       -14.5460
ss_52             8           6.0334         6.4398        -0.8528        -9.5658       -21.4029
ss_52             9           3.2828         3.4706        -2.5533         0.4243        -2.6834
ss_52            10          15.8129        20.3498        17.2005        10.9843        -0.2241
ss_52            11          29.4196        33.5556        27.1044        20.6339         5.9149
ss_52            12           5.3874         0.5866        -6.2509        -4.1894        -7.3794
ss_52            13           9.4300        14.5445        20.3853        17.6617        14.8440
ss_52            14           6.6165         0.3623         1.4754        -1.3540        -0.4371
ss_52            15          41.1223        40.6631        30.7634        19.0463         2.1412
ss_52            16           5.4322         1.2464        -8.7398       -11.6371       -11.2287
ss_52            17          16.8864        24.9953        20.8681         9.7036         0.0934
ss_52            18          -2.8226         2.3740         4.0257         6.1661        11.3272
ss_52            19          22.4877        28.2845        28.8424        20.0369         8.3876
ss_52            20          19.7122        33.3342        37.2413        35.3831        25.9349
ss_52            21           8.3575         7.3529         4.9580         2.2707        -0.7291
ss_52            22         -17.1815         1.3180         6.8465         7.6291         6.7385
ss_52            23          15.8622        17.0647        13.8730         3.4676        -7.4500
ss_52            24           8.6866         4.8088         2.8371        -6.1946       -19.4840
ss_52            25          -8.3389        -2.7748        -3.3269        -1.7778        -2.9412
ss_52            26          26.6694        30.0733        28.5517        20.4897         6.8071
ss_52            27          -2.5564        -0.5155         0.5476         2.5350         9.6664
ss_52            28           8.1614         2.8391        -6.3317       -13.9765       -14.6108
ss_52            29          11.4881        11.1782         8.2895         9.1372         7.0946
ss_52            30          14.2997        14.1231        12.3270        11.1364        12.5132
ss_52            31          12.7185        16.8289        20.0627        11.1938         4.2617
ss_52            32           9.8331        10.2928         8.9017         8.0347         5.4849
ss_52            33           1.6471         1.2841         4.1038         5.2088         3.3702
ss_52            34          22.3042        21.2064         9.5359         4.4059         3.1147
ss_52            35         -14.9127       -13.5635        -6.9895        -2.4261         3.9509
ss_52            36           7.2382         5.6516         1.6687         1.9453        -4.3789
ss_52            37           4.4891         9.1163         7.6694         9.7177         3.8595
ss_52            38          -9.5418        -3.4975         4.6645        13.1612        20.8780
ss_52            39          -7.7538       -13.9910       -19.5408       -20.3394       -18.7984
ss_52            40           1.0591        10.9277        17.6422        16.2113        11.8182
ss_52            41          32.0189        31.2077        27.4876        26.0197        21.6405
ss_52            42          20.1711        24.2664        19.6120        10.9331        -4.5879
ss_52            43           4.7271        11.9722        16.5229        24.5447        18.8169
ss_52            44          14.5495        16.6005        11.3527         2.5409        -1.2514
ss_52            45          15.9500        10.9965         1.7254        -1.4764         0.9765
ss_52            46         -17.6455       -15.9634       -10.1515        -6.7089        -4.9411
ss_52            47          28.3217        24.0922        22.1570        28.1853        20.5548
ss_52            48           7.8673         0.7493        -4.4703        -5.2448       -10.7480
ss_52            49          -2.2808         4.5260         7.3504         2.1111        -3.9196
ss_52            50           4.7350        -2.5221        -5.0402        -1.6592        -3.0318
ss_52            51          22.8465        21.9533        19.0064        12.7264        11.2727
ss_52            52           9.2292        16.4211        20.0564        12.4795         6.4497
ss_52            53         -24.5565       -14.7978        -6.8610        -4.0984        -3.1241
ss_52            54         -14.3893       -15.9985       -16.5245       -20.1413       -16.6231
ss_52            55          13.9667        19.4880        23.8726        18.3217         7.4115
ss_52            56           5.5699         7.4752        13.3072         7.7602         8.5747
ss_52            57           1.5649         6.6510         3.4310        -0.3113        -5.8291
ss_52            58          29.1096        34.5897        29.7691        24.5858        12.3609
ss_52            59          29.8928        17.5739        11.3013         6.8634         0.6780
ss_52            60          21.7000        26.3355        23.0789        19.3008        13.3967
ss_52            61           5.4714         7.9222        10.1437        10.0851        10.6942
ss_52            62           3.7104         7.9770         9.1444         7.8384        -0.3453
ss_52            63          12.9126        14.4102         9.2246         9.2210         8.8797
ss_52            64           6.6448         2.8294         0.7685         1.7122         6.6831
ss_52            65          -9.4823       -11.4924        -9.1826        -9.8605        -8.5660
ss_52            66          -4.1944        -6.7666        -8.0611        -9.3836        -9.2370
ss_52            67           1.9644        10.4370        15.9342        20.6638        21.4203
ss_52            68          20.8206        28.4493        29.4556        20.9076         9.9263
ss_52            69          20.5997        33.2872        32.0328        27.1405        17.8128
ss_52            70          20.5277        27.4227        23.6776        24.4222        25.9309
ss_52            71         -12.9014        -8.6226       -11.6530       -12.4821        -9.5685
ss_52            72           9.3815         8.6008         5.8611         5.4264         5.6830
ss_52            73          27.5264        31.2727        24.6615        23.6731        19.7456
ss_52            74          -1.4458        -8.6984        -7.9206        -6.4079        -2.7569
ss_52            75          27.0890        35.7620        30.3676        26.2116        23.1367
ss_52            76           9.3056         5.0639         3.0625         1.1406        -3.2721
ss_52            77          12.9460        19.8193        14.1331         3.7590        -4.3459
ss_52            78          13.0936        14.8660         8.9120         9.8985        15.3505
ss_52            79          -6.4452        -7.1001        -9.7302        -8.1676        -4.9723
ss_52            80          16.0200         8.5076         9.2471        12.3926         9.9153
ss_52            81           3.1853         4.7552         6.2046         8.9232        11.2818
ss_52            82          -4.4965        -5.6049        -5.7844        -1.5633         1.2358
ss_52            83          10.8518         6.2612         3.6436         0.8694         0.6230
ss_52            84           3.7260         8.1234         5.5600         1.7241        -0.8158
ss_52            85           8.1636         6.8807         9.6712        16.4759       -15.8554
ss_52            86           2.3694        -3.9063         7.5702        13.4952         7.3880
ss_52            87          -4.3288         2.5324        12.7090        11.1205         8.9885
ss_52            88          19.6600        27.1259        28.3431        22.0930        13.8356
ss_52            89          43.5211        51.5155        48.5807        38.2413        30.4467
ss_52            90          14.8566        19.4401        23.3782        19.5318        13.4159
ss_52            91          11.8489        10.5993        11.9544        11.3929         6.2434
ss_52            92           6.0557        13.3739        18.4854        21.4531        23.6257
ss_52            93           7.4668         5.1056         5.2526         1.5519        -0.7536
ss_52            94          16.4067        21.5368        23.6129        22.5288        22.3545
ss_52            95         -16.4007        -9.7494        -1.5716        -2.0029        -4.8762
ss_52            96          -8.0918        -0.0625         3.9371         1.5000        -4.5665
ss_52            97          24.4247        29.6417        29.6932        27.4028        19.8830
ss_52            98          14.9806        18.3538        17.9999         6.7311        -0.7387
ss_52            99          20.6382        19.6010        10.1381         1.9742        -3.3765
ss_52           100          16.2240         8.8656         9.4021        12.2164        12.5208
ss_52           101           5.0338        10.1684         9.2213        11.4069         7.0151
ss_52           102          -9.7239        -7.3307        -5.7280        -1.7765         7.7348
ss_52           103           9.9848        11.3979         6.7090         9.6618        14.2706
ss_52           104           8.5888        14.6710        14.1777         7.2491         6.5144
ss_52           105          -1.8857         1.1797         0.3365         3.0709         3.5370
ss_52           106          -7.9525        -8.8410        -4.8678        -6.5279        -4.3779
ss_52           107           7.3200        12.5706        10.9997         7.2704         3.7094
ss_52           108          23.3000        29.7181        25.7090        22.9993        21.9798
ss_52           109           4.0505         7.1956         5.3131         6.0594         7.5436
ss_52           110          14.7883        24.2549        27.1209        24.9969        22.0629
ss_52           111         -20.8057       -25.1637       -17.9510       -13.5500       -14.6011
ss_52           112          38.2754        51.6991        52.8358        47.5644        43.4885
ss_52           113          -1.7276         7.5545        15.8826        17.0312        18.8884
ss_52           114           3.8862         5.3805        12.8485        20.1167        26.6299
ss_52           115          12.9047        22.9204        26.5703        19.3420        10.5339
ss_52           116          -4.5271        -3.1963         4.1349         4.6788         2.9852
ss_52           117           4.9786         1.9311        -3.8306        -6.9401       -12.5777
ss_52           118           2.7847        12.6449        22.6360        22.0079        25.0396
ss_52           119          -3.0294        -2.7862        -9.7900       -13.8075       -15.6327
ss_52           120         -19.4504       -22.5084       -18.4236       -10.8716        -5.8328
ss_52           121          -6.0808        -8.2251       -11.4921       -12.3421        -8.1429
ss_52           122          -0.3102        -4.2409        -9.7802        -8.4380        -0.7784
ss_52           123           9.6089        13.7604        14.4017        14.7329        20.5103
ss_52           124          -4.5947         2.9149         9.7601         8.0596         6.4339
ss_52           125          12.8642        15.6301         9.2761        11.1289         8.6893
ss_52           126          20.6313        31.0263        32.8784        30.5867        30.3158
ss_52           127          -5.2975        -3.9787        -2.1731        -2.9104        -1.4979
ss_52           128           4.6052         9.8636        15.5780        16.6865         8.3581
ss_52           129           0.3870         8.6080         7.9445         2.8868        -2.9655
ss_52           130           8.9823         7.7813         5.7435         6.4797         7.7920
ss_52           131          14.9761         5.2498         2.5584        -2.6704        -9.1496
ss_52           132          14.9154        16.9848        14.9577        13.7404        15.4550
ss_52           133          -4.9237         9.5696        19.2899        24.6177        36.3907
ss_52           134          25.3599        23.2178        12.3467         4.5928        -4.9108
ss_52           135           7.5774         5.1204         7.9804         7.9004         5.5841
ss_52           136          22.4369        21.2884        17.3468        13.6046        17.6176
ss_52           137           8.5167         9.4912        14.4523        14.0020        11.6017
ss_52           138          19.8930        27.2511        19.5427        15.4951        10.0547
ss_52           139          22.0088        30.3986        32.7309        25.6212        18.1848
ss_52           140          15.5472        21.4549        19.9667        14.4780        15.1576
ss_52           141          11.6734         9.8570        10.8552        12.1614        15.6293
ss_52           142          17.0210        28.9070        27.3737        22.5004        18.6083
ss_52           143          29.8635        32.1889        32.5187        28.8420        26.6394
ss_52           144          -0.9494         5.5248         4.8019         4.6167         5.8622
ss_52           145           9.0910        16.5349        24.5609        24.0164        24.4744
ss_52           146          12.2692        14.6478        12.8317         9.0997         8.7122
ss_52           147          14.1315        22.1827        27.1752        32.7045        33.0116
ss_52           148          -3.9952         9.5992        19.0514        18.0706        14.1122
ss_52           149          14.2158        25.2304        25.7013        21.0341        16.0450
ss_52           150           4.6301         9.2603        14.2079        16.0373        16.7059
ss_52           151          -2.1907        -2.3359        -3.5845        -4.5641        -3.1512
ss_52           152         -26.1315       -29.7422       -29.4535       -25.4312       -16.2300
ss_52           153          -1.0013         1.5619         0.9933         0.0859        -3.3774
ss_52           154          25.2988        26.5451        17.1961        10.0029         5.8386
ss_52           155          -2.3384         4.1715        12.1445        20.3368        23.3527
ss_52           156           6.1147         7.0637        11.1710         9.5621         4.5497
ss_52           157          10.7519        17.1046        19.8763        17.0872        15.3551
ss_52           158          21.1781         8.3483        18.8946        23.8166        27.5691
ss_52           159          22.1899        30.9602        36.9129        38.8720        36.9075
ss_52           160          18.0840         9.5848         2.1258        -4.4730        -4.7764
