Filename       Segment   T240T280Fz-ASNM T240T280FCz-ASNM T240T280Cz-ASNM T240T280CPz-ASNM T240T280Pz-ASNM
ss_60             1          -6.5090        -6.9442        -3.1927        -5.4544        -5.7499
ss_60             2          13.0213        10.7554         7.3175         6.1118         8.4419
ss_60             3          14.5260        14.7078         7.6383         3.9616         0.3093
ss_60             4           0.2564        -2.2451        -7.4971        -8.9688       -10.2775
ss_60             5           6.3161         3.0672        -0.7432        -5.1201        -7.0486
ss_60             6           2.0795         0.1966        -4.0938       -10.1235       -17.5057
ss_60             7           3.8712         6.9716         4.2954         9.6577         8.6836
ss_60             8         -15.5832       -13.2237        -9.7833        -6.6528        -2.3272
ss_60             9           4.0023         2.2547        -0.8847        -6.7407        -9.0046
ss_60            10         -13.9260       -13.9094       -14.1609        -8.1090        -7.8648
ss_60            11         -21.2957       -17.8118       -15.0254        -9.6349        -8.2947
ss_60            12          -1.2033        -4.6066        -7.6930        -8.7244        -9.0731
ss_60            13          -0.2708        -3.9287        -8.9223        -6.2918        -9.4184
ss_60            14          18.5383        17.3073        12.5528        12.9847        12.1565
ss_60            15         -15.3421       -15.9768       -13.1692       -15.8298       -14.4056
ss_60            16           6.3486         9.7094         3.6218         2.1635         0.1424
ss_60            17           0.1538        -0.1026        -1.4975        -2.2557        -9.9838
ss_60            18           7.1266        -1.2307        -9.4622       -19.5548       -29.6924
ss_60            19          18.2166        17.8214        13.8153         9.5011         3.7622
ss_60            20          -5.1939        -5.6718        -4.3464        -0.1583         2.0720
ss_60            21          -9.9287       -10.7116       -10.2897        -8.3297        -3.0262
ss_60            22          20.0632        19.8237        12.0806         9.2231         3.5617
ss_60            23         -29.0969       -21.0153       -18.2940       -12.7737       -10.4406
ss_60            24           8.5683         1.7568        -2.5122        -7.9754       -14.4591
ss_60            25           1.7797        -1.9335        -4.9010         0.0059         3.5855
ss_60            26         -19.4188       -19.3098       -15.6551        -7.8052        -0.4915
ss_60            27         -16.7430       -24.2999       -23.5234       -19.5200       -16.9395
ss_60            28           3.6931         1.8091        -0.9720         0.0449        -1.1715
ss_60            29          -4.0553        -5.4691        -6.9582        -8.0771        -5.7781
ss_60            30         -12.7987       -12.3046       -15.4630       -13.4141       -11.7001
ss_60            31           5.5610         4.5572         6.0447        -0.5601        -5.0735
ss_60            32          -0.6715         1.1120         2.0834         7.1280        10.0768
ss_60            33           1.7684        -2.8912        -9.9961        -9.1798       -12.2002
ss_60            34          -9.5056        -9.4072       -12.7153       -13.2716       -10.5803
ss_60            35          -6.6422        -1.2360         4.3654        15.9837        23.5556
ss_60            36         -11.6713       -12.1558       -11.0585       -12.3762       -10.9271
ss_60            37         -21.4981       -23.6419       -25.2972       -18.3441       -20.2921
ss_60            38           0.1174         2.1194         3.8847         5.1109         7.5310
ss_60            39         -10.7343       -15.8997       -19.8455       -17.2924       -17.2951
ss_60            40          -4.7766        -4.3581         0.6860         0.7972         4.5408
ss_60            41          -3.7757        -4.6718        -7.8250        -5.1393        -4.1038
ss_60            42         -16.3642       -21.3309       -17.3322       -20.2418       -19.3239
ss_60            43         -18.2546       -16.8535       -10.2707        -8.0555        -0.5970
ss_60            44           2.8203         1.6615        15.3409        11.5927        11.0833
ss_60            45          14.2180         8.6857         1.1093         1.8336        -6.2892
ss_60            46          -4.8891       -11.8498       -15.0616       -14.2479       -10.6448
ss_60            47           9.5751        11.4794        14.7485        14.3814        14.9400
ss_60            48          10.5337         9.5755         7.2297        11.4439        10.5372
ss_60            49          -0.9462        -3.5611         0.4284        -6.2680        -8.8233
ss_60            50         -11.7242       -12.8006        -7.3847        -3.7679        -1.1586
ss_60            51          -9.1171       -10.2665        -5.7150         0.9583         5.9705
ss_60            52         -11.8118        -9.7089        -6.8739        -4.6079         1.9808
ss_60            53          -3.2343         3.5957         8.9355        14.1918        17.9068
ss_60            54          16.7859        15.8896        10.2577        10.1683         7.0845
ss_60            55           3.5484         1.9145         4.4670         6.2571         4.7511
ss_60            56          12.9728         9.8663        -3.2669       -10.8129       -14.0358
ss_60            57         -10.2803        -7.4574        -9.3517        -3.3341        -0.2662
ss_60            58           1.2626         1.0960        -3.9262        -4.4193       -10.1641
ss_60            59          -9.4327        -8.8847        -6.7744        -0.8491         3.1867
ss_60            60          -8.2393        -9.8817       -13.4004        -9.9911        -9.3790
ss_60            61          -5.5293        -7.4166        -0.5574        -0.7465         2.9739
ss_60            62          -2.4297        -3.1382        -3.4059        -3.8907        -2.3987
ss_60            63          -2.9403        -2.0426        -3.0781         7.7119        11.4909
ss_60            64         -12.4847       -12.3355        -9.5512        -6.2881        -3.8048
ss_60            65          -9.8975        -6.7661        -5.4249        -4.9208         0.5737
ss_60            66          -2.1150        -3.6095        -0.5056         0.9396         1.1632
ss_60            67         -10.8664        -9.3587       -10.2384       -18.9553       -23.7030
ss_60            68         -11.7198       -10.4737        -8.5365        -8.4021        -3.8587
ss_60            69         -11.5582       -17.4150       -19.4750       -19.5022       -19.2405
ss_60            70           7.4304         5.6916         5.6941         5.6410         4.7913
ss_60            71           1.1590         2.0108         1.6210         2.6334         0.2120
ss_60            72          10.9536         9.8751         6.4924         5.1595         2.6303
ss_60            73          -2.7924        -1.8636        -3.5373        -1.0364         2.8348
ss_60            74          11.8182        13.8931        12.6475        12.4161         7.2953
ss_60            75           8.3090        10.3721         7.8429        12.2549         9.5603
ss_60            76         -15.5364       -17.2843       -21.0728       -13.2293       -11.3625
ss_60            77         -11.0187       -13.6871       -11.2003        -8.5438        -5.6949
ss_60            78         -21.0223       -14.2691        -6.5187         0.7714         6.3442
ss_60            79          -1.7907        -6.0839        -5.2460        -2.4744         1.7094
ss_60            80          13.0220        11.5310        11.7462         8.3276         2.2156
ss_60            81           8.0870         6.2313         2.9691        -2.3033        -5.1737
ss_60            82           6.8146         8.1765         4.5162         0.5047        -2.9294
ss_60            83           5.9334         9.4754        11.0157        18.4741        21.1460
ss_60            84          14.6526        15.1888         7.3870         9.8468         3.6904
ss_60            85         -17.1599       -17.2548       -19.9949       -21.8796       -21.5373
ss_60            86          -1.9287         0.2958        -1.9431        -2.0275         0.4977
ss_60            87          -1.6663        -3.2364        -4.5870        -2.2883        -1.9999
ss_60            88          -3.0741        -4.2343        -0.2416        -2.8494        -0.2552
ss_60            89          -6.1264        -1.0785         1.1187         0.4609         1.0553
ss_60            90          10.4046        10.4784         4.5102         2.9000        -0.4859
ss_60            91           -.----         -.----         -.----         -.----         -.----
ss_60            92         -18.2500       -16.3845        -9.9582       -11.5421       -13.8251
ss_60            93         -16.5650       -18.8784       -15.2472       -10.3788        -6.8361
ss_60            94          -8.8528        -8.5659        -7.0810        -8.5758       -11.0346
ss_60            95          19.0497        13.5957         4.4166        -5.4282       -14.7768
ss_60            96           9.4390         9.8985         8.8585        11.2573        14.2091
ss_60            97         -19.0018       -17.7285       -11.7471         0.5810         5.8411
ss_60            98          25.2539        22.7370        20.8572        13.3786         7.8524
ss_60            99          -8.3722        -6.9822       -16.3590        -9.7524       -11.5745
ss_60           100          -0.8442         1.9394         3.6590         3.8193         7.2487
ss_60           101         -27.0168       -29.3078       -30.5608       -31.5064       -29.4624
ss_60           102         -26.0340       -27.2895       -22.0933       -11.0778        -4.1552
ss_60           103          -7.3676        -5.3282        -5.6723        -1.5235        -2.0743
ss_60           104         -12.9446        -8.5451        -5.3782        -2.2778         5.1341
ss_60           105          -0.9022        -2.7690        -3.2646         0.2421         0.4405
ss_60           106           -.----         -.----         -.----         -.----         -.----
ss_60           107         -17.3624       -15.5137       -14.1254       -14.1928        -9.9529
ss_60           108         -30.4050       -25.5625       -21.8661       -18.2939       -20.7582
ss_60           109         -10.7790       -10.1393        -8.6861        -7.8333        -8.9769
ss_60           110          -2.6679        -1.6338        -1.7321        -1.2202        -1.2354
ss_60           111           7.7521        10.3116        10.1509        10.7748         9.6556
ss_60           112           0.9933        -2.7651         2.3098        -0.3028         2.9499
ss_60           113         -16.3894       -17.1225       -16.5472       -13.6362        -9.7005
ss_60           114           6.6030         5.0804         3.6781         4.5829         2.5250
ss_60           115          -4.0968         1.5938         4.3553        10.4428        12.3533
ss_60           116          17.0000        18.7320        13.0413         3.8606        -0.3354
ss_60           117           2.2725         2.2270         4.2883         4.1731         4.4345
ss_60           118           7.3722         6.1959         7.2930        11.1239        19.4543
ss_60           119           8.2205         9.0660        10.9425        16.3594        13.9692
ss_60           120           8.1190         9.0363         7.9065         4.8740         7.3462
ss_60           121         -21.2409       -18.8453       -15.7237       -10.9908        -7.6337
ss_60           122           0.5712         1.7294         0.9390         3.8122         2.0878
ss_60           123         -21.5152       -18.8932       -24.2687         1.4924         8.7428
ss_60           124         -14.6127       -13.9259       -11.5089        -5.3660        -4.0392
ss_60           125         -13.5908       -12.9217        -6.5046        -1.2179         3.4165
ss_60           126         -16.5575       -22.4528       -13.1554       -11.0521       -11.2826
ss_60           127          -5.0086        -1.9725        -5.2497        -1.2452         2.2945
ss_60           128         -24.0703       -29.4159       -28.1626       -26.7198       -20.6045
ss_60           129          -4.4915        -7.5481       -11.1697       -14.3694       -15.1706
ss_60           130          19.0599        20.3568        21.1232        20.5725        19.8774
ss_60           131          10.1022        16.3648        17.9089        21.0913        22.8825
ss_60           132           9.6103        11.7092         7.9150         9.6268        11.5747
ss_60           133           -.----         -.----         -.----         -.----         -.----
ss_60           134          15.0258        17.0108        16.7178        15.9716        15.7490
ss_60           135           -.----         -.----         -.----         -.----         -.----
ss_60           136           6.4838         8.4594         7.4572         2.6898        -4.5405
ss_60           137          12.1405        14.5313        13.5388        10.6588         8.6227
ss_60           138          13.2330        11.5899        21.7189        27.7319        34.8977
ss_60           139         -59.8542       -45.7501       -35.8345       -27.9001       -21.4854
ss_60           140          -8.5841        -7.9716        -3.0252        -1.0074         3.6948
ss_60           141           7.2141         3.7315         2.0888        -3.9329        -5.8484
ss_60           142         -15.1216       -15.4614        -6.8437        -1.8405         3.2938
ss_60           143          -4.8356        -1.9820        -2.0233        -2.5148        -2.0355
ss_60           144         -13.4395       -17.5941       -19.4921       -22.2773       -23.1184
ss_60           145          -7.5916        -9.1464        -8.5362        -4.6240        -1.1918
ss_60           146          -7.6961        -6.1952        -5.6147        -2.1179         4.1075
ss_60           147           3.7739         3.7192        -0.0233        -0.9445        -2.3294
ss_60           148          31.1544        34.6810        37.1512        33.4596        28.1296
ss_60           149          12.9902        12.0261         8.3503         4.7956         3.4757
ss_60           150         -13.1840       -13.6898       -13.8002       -18.4347       -17.9187
ss_60           151           6.9073         7.5195         2.2695        -9.2970       -11.8411
ss_60           152         -15.8072       -14.9211       -15.9589       -14.3129        -7.1536
ss_60           153          -4.8992        -5.9440       -10.3247        -9.9655       -14.5381
ss_60           154         -19.8310       -11.9004        -8.3699        -0.1796        10.1334
ss_60           155         -36.5938       -27.3998       -19.3943       -15.3636       -10.8546
ss_60           156           3.4578         5.8431         6.1527         2.4767         2.0008
ss_60           157           1.6172         6.0134        11.7551        13.3080        18.2094
ss_60           158         -13.7429       -16.1434       -14.2750       -12.0427       -10.2564
ss_60           159          16.2971        22.5448        28.1781        30.7440        35.0266
ss_60           160           5.3825         1.4003         1.2575         2.8171        -2.0675
