Filename       Segment   T220T260Fz-ASNM T220T260FCz-ASNM T220T260Cz-ASNM T220T260CPz-ASNM T220T260Pz-ASNM
ss_64             1          18.3082        22.4126        22.2190        20.1390        13.1414
ss_64             2          -1.3304        -2.8885        -8.0290        -8.9670       -10.9806
ss_64             3          12.9912        17.5967        12.9089         9.6234        11.1273
ss_64             4          -6.1809        -7.1883       -13.2119       -12.5129       -11.4578
ss_64             5           0.4617        -0.7566         0.6471         2.1257        -0.7982
ss_64             6          -0.9706         7.6148        10.5982         8.3985         3.0709
ss_64             7           9.1870        10.0611        14.8504        10.5346        10.6966
ss_64             8         -12.2617       -13.7306       -16.8436       -13.7781        -8.6213
ss_64             9          13.7360        11.4825        10.7272         7.4073         4.8254
ss_64            10          -6.2570        -4.4706        -6.5118        -4.7900        -3.2464
ss_64            11          -3.5799        -3.9990         0.1464        -4.4553        -2.3296
ss_64            12           0.0775        -3.9877       -10.6569       -14.4221       -12.1556
ss_64            13         -17.1063       -20.3551       -16.4343       -13.6253        -4.0469
ss_64            14           6.9576        13.8508        19.2379        16.9117        14.7954
ss_64            15          -8.3008        -3.5010         0.3201         1.0909         5.8638
ss_64            16         -15.1119       -13.8602       -10.6287        -4.4245        -4.3290
ss_64            17          22.5813        25.9252        26.4480        29.1151        32.1528
ss_64            18          -5.7062        -1.6949        -5.3213        -7.3976        -8.0331
ss_64            19           4.0745         2.6079         2.6743         2.3446        -5.8638
ss_64            20          -5.1177         2.7944        11.2548        13.7111        23.5944
ss_64            21         -11.4524       -13.5309       -14.2867       -10.3085        -6.8279
ss_64            22          -4.0693         0.0145         2.7408         4.3588         3.0105
ss_64            23          -8.4008        -7.0639        -3.6422         2.1402        -0.3112
ss_64            24           2.1653         6.7339         7.3937        -0.0962        -9.1492
ss_64            25          33.8274        25.1806        23.1917        23.9861        26.8343
ss_64            26           5.7351         1.1366        -4.8019        -7.9692       -11.8732
ss_64            27           2.6151        -3.5899        -9.5157       -11.3854       -10.1998
ss_64            28          -6.7819        -6.9575        -6.1750        -3.7379        -3.9633
ss_64            29           4.2056        13.0244        16.7951        20.2176        22.2943
ss_64            30          17.3976        16.8255        17.0379        17.3642        19.1083
ss_64            31          -4.5793        -0.5203         0.5520         2.3940         3.9839
ss_64            32          -6.9399        -8.6647        -5.9724        -3.2928        -0.3307
ss_64            33           4.8558         7.1411         6.5259         7.1210         5.6972
ss_64            34          -2.6324        -4.3547        -6.9770        -9.3515       -10.8332
ss_64            35          -0.4691         7.7383         3.5434         4.8654         1.9815
ss_64            36           8.3809        10.5844         8.6858         8.6151         2.9807
ss_64            37          -6.7012        -6.3131        -1.2911         0.7572        -0.5450
ss_64            38          -9.5879       -13.7854       -11.4213       -10.1648        -9.9797
ss_64            39         -12.8112       -13.7471       -13.6721        -4.9108        -0.9831
ss_64            40          -1.2104         0.2619       -21.3512         1.0425         2.7154
ss_64            41          13.0544         9.6462        10.4638        10.3769        -3.9208
ss_64            42         -25.2087       -20.7574       -16.2525       -12.1643        -8.5750
ss_64            43           0.7764         4.0145         1.8084         2.4579        -0.9502
ss_64            44          -7.4486        -9.0939        -6.2055        -1.9640        -4.5122
ss_64            45          -5.5487        -5.0675        -4.4162        -6.9804       -13.7119
ss_64            46         -35.5835       -31.6174       -24.9478       -17.1188        -3.9910
ss_64            47         -30.5784       -27.7851       -22.0269       -17.8461       -14.9320
ss_64            48          -0.1168         1.7014         1.5596         5.0837        10.1260
ss_64            49          28.1019        27.7289        32.2652        29.7151        22.2692
ss_64            50           5.4977         7.6248        -0.7715        -4.5706        -5.1662
ss_64            51          13.3874        14.1303        15.0935        15.5132        11.8489
ss_64            52           6.8093        12.1399        14.0296        14.4557        17.1645
ss_64            53         -16.2329       -12.5262        -3.8132         0.2634         4.2663
ss_64            54          14.0933        10.8194         9.8236        10.1098        14.4320
ss_64            55          -0.0856        18.3324        22.8123        18.6274        28.3697
ss_64            56           4.8604         3.2189         3.5043         4.3743         6.6012
ss_64            57          11.4236        21.0372        26.5248        30.6422        26.7285
ss_64            58          -6.6411        -7.1410        -3.3043         1.2181         1.2533
ss_64            59          -7.7002        -9.6914       -18.0340       -18.0055       -21.2917
ss_64            60          12.4727         9.2870         7.7105         6.0708         2.2888
ss_64            61          13.1262         8.8534        -0.5727        -0.3094         0.2703
ss_64            62           4.6221         6.7410         9.2196        10.1625         6.9598
ss_64            63          15.3049        12.2284         9.8244        11.2529        20.3971
ss_64            64          -4.3519        -3.2205        -0.8159        -0.8569        -5.1239
ss_64            65          -7.6015        -9.2309        -3.2128        -4.0446        -8.6038
ss_64            66          -3.7581        -3.6149        -4.9732        -3.4940        -9.4638
ss_64            67          -5.8924        -1.6654        -0.0133        -0.8289         2.6971
ss_64            68           5.2757        13.9925        19.7955        22.6306        17.1857
ss_64            69           7.1362         4.5659         1.8798         3.1201         5.7441
ss_64            70           2.7870        -2.0920        -4.5511         0.0806        -1.1889
ss_64            71         -20.9029       -19.4941       -17.5738       -18.5746       -15.4209
ss_64            72         -12.6790        -9.9585        -4.6494         1.0725         2.3382
ss_64            73           3.6931         6.0077        10.4935        10.9230        10.2510
ss_64            74          -1.2723        -0.0684         0.9409         4.2091         5.9474
ss_64            75           2.6633        -1.8274        -3.7947        -2.5851        -8.3963
ss_64            76           6.0237         8.9056        15.8467        19.2919        21.0905
ss_64            77         -11.0301        -6.1540        -1.7884         5.9557        10.5281
ss_64            78           4.8670         1.5567         5.6752        13.9415        18.2018
ss_64            79           2.7747         7.4261        14.3324        16.5995        23.8690
ss_64            80         -17.7870       -20.4828       -15.6521       -13.1775       -10.5287
ss_64            81           3.2044         1.8583         2.0767         4.4249         3.6673
ss_64            82          -2.7562        -7.2703        -9.2066       -10.9132       -13.3949
ss_64            83           0.4531         2.9710         5.4980         6.7049         7.1745
ss_64            84          -5.9404         3.8278        15.7555        23.3265        22.9173
ss_64            85          11.5549        21.8775        25.0368        23.9021        31.3659
ss_64            86         -13.8106       -11.1805        -8.1204        -7.9543        -7.2416
ss_64            87           6.4445         6.7435         8.0426        10.7951         9.7605
ss_64            88          -9.2907        -8.0073        -7.0693        -1.5811        -5.5011
ss_64            89          18.4793        17.3834        17.6240        17.0961        10.6576
ss_64            90          -6.1572        -6.3806        -8.7523       -10.8142        -6.8547
ss_64            91          -2.9462       -13.7297       -17.6994       -18.7903       -23.0631
ss_64            92          17.1422        25.1867        24.8707        18.7252        27.2059
ss_64            93          -9.7742        -8.0685       -10.1911       -13.0532       -25.5941
ss_64            94           9.2721         7.5775         3.0935         6.1223        -4.7473
ss_64            95           7.2487        13.9758        21.5466        25.3269        10.5756
ss_64            96           0.4414         0.9736         3.0008         2.1719        -1.7542
ss_64            97           1.9236         4.2055         5.4249         9.7770        -1.4192
ss_64            98          11.4129        16.2514        15.0140        13.3309        14.4496
ss_64            99          -3.8386        -5.7769        -2.1320         2.4123         1.4996
ss_64           100          -6.6543        -5.1459        -3.9133        -6.6691        -9.2443
ss_64           101          14.7558        15.8667        24.2352        22.6153        20.6130
ss_64           102           4.7994         2.8726        -1.3365         0.7158         9.0560
ss_64           103          10.0478        12.0074        13.1948        11.4853         8.7092
ss_64           104          11.3533        17.8181        19.9658        17.3467        11.3394
ss_64           105          -1.2687         4.0164         3.5084         5.2333         6.5919
ss_64           106          -9.6178        -6.7267         3.9144        11.1418         3.8108
ss_64           107           4.6172         9.7542         7.6887         3.3449        12.5958
ss_64           108           6.1939         6.5388         9.0173         6.2325         2.4856
ss_64           109           5.1763         2.7471         6.0488        10.8152        11.4966
ss_64           110          24.3877        26.6185        27.9022        28.0517        13.6271
ss_64           111         -10.9212        -4.7646        -4.0015         3.2508         8.7728
ss_64           112           2.7059         9.3328        15.6233        16.7508         1.4262
ss_64           113          21.1312        20.2587        18.8161        14.5332         4.2612
ss_64           114           9.9999        13.5384        11.3423         5.0954        10.0015
ss_64           115           5.0926         5.2881         8.7113         2.0000        -1.6112
ss_64           116           4.7864         3.9838         7.3410         8.3686         5.3420
ss_64           117         -17.3308       -17.9201       -14.1508       -10.3106         3.6875
ss_64           118          -7.9570       -16.6192       -25.2483       -19.1697       -20.3052
ss_64           119         -13.9456       -15.3203       -13.6709       -10.0364       -13.8015
ss_64           120          11.5360        19.9503        19.7075        19.5336        16.0634
ss_64           121           7.9660        10.6051        12.9113        16.6580         3.1995
ss_64           122           6.0360         6.8138         2.5695         2.5153         4.8601
ss_64           123          13.2834        19.5534        23.3328        23.5728         5.4339
ss_64           124          10.8112         8.6417         2.9645        -2.2847         4.9500
ss_64           125         -10.7019        -9.7461        -9.6603        -6.3592        -5.7326
ss_64           126         -10.6637        -9.6547        -9.4920        -8.4269        -5.8570
ss_64           127           9.0774        10.3429        13.2356        16.6142        17.6273
ss_64           128           3.7497         4.7428       -15.5027         4.5671        -6.4823
ss_64           129         -12.3537       -10.9064         0.0718         7.6301         5.7995
ss_64           130          -5.4066        -1.6712         3.1533         4.7518        -7.4517
ss_64           131          -6.1672        -3.3070         0.6299         5.7192         8.5120
ss_64           132           4.7815         3.4190         4.2261         4.3629         9.3790
ss_64           133          -0.3482         3.3829         8.8633        13.2353         6.7665
ss_64           134          -5.1565        -2.4596        -2.3618         2.3325       -19.9013
ss_64           135          17.1253        17.6594        14.3507        13.1782        18.1990
ss_64           136          -5.0562        -3.4791         1.9070         5.9508        -7.8227
ss_64           137           -.----         -.----         -.----         -.----         -.----
ss_64           138         -14.8189        -6.7581       -13.7884        -2.9831        -6.5940
ss_64           139          20.4241        27.3761        34.0402        34.7249        29.9532
ss_64           140          -4.6564        -2.0619        -6.5757        -4.9428       -13.1503
ss_64           141          -2.7098        -1.9692        -1.2317        -1.7700        -5.5678
ss_64           142          -3.7098        -7.8416       -10.9928       -12.7664       -10.5496
ss_64           143          -2.4740         1.6845        -0.2478         2.5708         0.7913
ss_64           144           2.7647         9.4660        11.7706        11.3145         9.9047
ss_64           145          10.6165         7.2612         1.6136        -4.3561        -7.8358
ss_64           146           7.7297        13.0172        15.6190        19.6897        12.7048
ss_64           147          -4.6168        -0.8737         4.4339         9.5003        13.9586
ss_64           148           6.5840         9.8425         6.4201         4.6454         4.1199
ss_64           149          19.7221        16.8201        17.6325        18.7785        21.4420
ss_64           150         -22.3769       -22.6391       -23.0797       -18.5103        -9.0925
ss_64           151          24.8219        33.2002        32.5629        28.1753        21.8062
ss_64           152          -1.5276        -2.5556        -0.9842        -0.8157        -3.8804
ss_64           153          -2.2029         0.5435        -0.9612        -0.8305         3.9825
ss_64           154          -5.4943        -0.6397         6.3433        11.9586        14.0906
ss_64           155          -1.3395         2.1767         4.9220         4.3939         3.6537
ss_64           156          15.9326        21.3576        24.5426        24.2721        22.0971
ss_64           157          -5.4852        -0.8928        -2.5048        -2.8318        -1.0714
ss_64           158         -15.5991       -12.0824        -9.0612        -6.8885        -7.6084
ss_64           159          -1.0871        -2.2726        -8.5210       -10.5114       -13.4398
ss_64           160          10.6758        15.0461        11.0573         8.4120         8.3933
