Filename       Segment   T260T300Fz-ASNM T260T300FCz-ASNM T260T300Cz-ASNM T260T300CPz-ASNM T260T300Pz-ASNM
ss_62             1          -0.7051         0.4992         2.3644        -0.1255        -0.6638
ss_62             2           4.5073        12.1411         9.1292        14.8352        13.4032
ss_62             3          11.9408         9.0729         7.1252        -1.4824        -5.2511
ss_62             4          12.1018        10.3672        13.4767        11.3309         9.0064
ss_62             5          -1.8312         0.5148        -4.0864        -9.4585       -10.2755
ss_62             6           3.2574         5.6725        13.4962        14.4560        15.0280
ss_62             7          15.6159        14.6545        18.6104        15.4192        13.0001
ss_62             8           1.5629         3.4811         9.3318         7.2653         8.7563
ss_62             9          -5.1676         0.4604         8.0712        14.4736        21.1500
ss_62            10           9.0234        10.3123        21.5899        20.0480        24.0600
ss_62            11           9.5601         9.7080         7.9248        13.6668        14.2481
ss_62            12          14.4348        17.1443        26.3362        23.1942        20.5970
ss_62            13          -2.9705        -4.4208        -3.8185        -8.2600        -9.8290
ss_62            14           7.2768        12.1638        13.3921        14.1933        14.5413
ss_62            15          -0.4556        -0.4252         0.2254        -2.4932        -6.6806
ss_62            16          16.7391        16.5467        16.9305        10.1493         6.3876
ss_62            17          17.6293        24.9728        24.1991        28.9931        29.8823
ss_62            18           9.5640        15.6786        18.2532        24.6552        28.8616
ss_62            19          -3.6169        -2.2265         1.2943         9.7642        11.8040
ss_62            20          20.9062        31.0285        26.1001        26.4672        18.0621
ss_62            21          14.6164        21.0657        27.0949        19.8514        19.2459
ss_62            22           6.6239        12.8071        20.8221        20.2578        20.5968
ss_62            23          13.0315        17.8122        25.0372        26.6298        27.2353
ss_62            24           5.0794        15.2916        15.6849        23.5822        25.7062
ss_62            25          -7.9299        -4.0953        -2.1893       -10.3013       -14.0524
ss_62            26          22.5824        23.4097        17.1804        12.5236         3.5806
ss_62            27          -7.1035        -6.9494        -4.2393       -14.0492       -16.0429
ss_62            28          11.0599        11.1699        10.3038        14.0416        15.4290
ss_62            29           8.2935         9.8110        10.4736         5.3792         2.7749
ss_62            30           4.2141         8.5828        19.4285        25.1852        28.3480
ss_62            31           4.4159        12.9236        19.4519        25.5506        30.1663
ss_62            32           1.0094         3.3468        -2.7906        -2.9842        -2.5863
ss_62            33           0.7470         4.4886         1.0399         7.9277        10.4106
ss_62            34           3.4065         5.6860         0.5135         2.9590         0.9359
ss_62            35          -2.9499         1.9311         9.1755         5.1246         2.2781
ss_62            36          17.4415        21.7445        30.2538        28.6503        26.1609
ss_62            37          -5.4145        -0.1730         5.7265         3.1728         5.4402
ss_62            38          11.9087        17.5997        17.5499         9.8606         3.2659
ss_62            39           1.6038         6.4534         8.1265         9.8944        11.0571
ss_62            40           4.3452        13.1153        11.1918        15.7992        12.9275
ss_62            41           9.5576        11.8755        17.3899        11.5246         7.3582
ss_62            42          11.6950        10.7082        21.9537        12.2090         9.9201
ss_62            43          10.6266        14.7024        18.3631        27.1982        26.9147
ss_62            44          -6.2622        -3.4962        -1.7209         2.1105         6.9903
ss_62            45          15.5516        16.3798        15.3158        24.1292        25.1034
ss_62            46           6.5006         9.8256         7.7410        18.7108        24.3765
ss_62            47           0.7569        -0.6854         4.8073         2.6005         2.5055
ss_62            48          19.8383        23.6123        27.9468        20.3806        17.8570
ss_62            49          10.5829        11.7274         7.2967         8.7219         4.6304
ss_62            50          13.2879        10.9873        10.5917        13.4155        16.9430
ss_62            51          11.6594        17.0412        21.4089        27.7724        21.7779
ss_62            52          26.2306        32.1571        25.4039        12.0192         4.7067
ss_62            53          -0.0858         2.8091         5.9547        14.8617        13.7798
ss_62            54          10.1929         4.7558         2.5977         0.8525         2.7075
ss_62            55          19.1449        29.7427        29.6328        21.2796        17.1475
ss_62            56           0.4268         1.8954        -5.1938       -12.1431       -15.1706
ss_62            57          11.6109        13.8474        23.1796        17.8948        19.7611
ss_62            58          18.5674        19.5475        15.8642        15.6795        13.2912
ss_62            59          11.2949         9.4229        10.0491        -0.4385        -9.8437
ss_62            60           3.7021         9.7538        15.2021        17.2432        19.0518
ss_62            61          16.8806        21.3567        25.0668        22.6963        18.1493
ss_62            62          21.1417        25.6007        23.8898        31.6812        25.5849
ss_62            63           9.1957         6.9190         0.9115        -0.2755        -3.0643
ss_62            64          30.8591        35.9113        36.9052        30.5537        22.4302
ss_62            65          18.8720        19.3214        27.4325        36.7362        36.7774
ss_62            66          20.9933        26.2521        36.7390        27.8638        18.9274
ss_62            67           5.1637         4.5615        15.0380        13.8685        20.1082
ss_62            68           0.0712         0.4876         6.3898         2.4571         0.5219
ss_62            69          26.9368        32.0898        32.9775        23.3836        23.9957
ss_62            70          15.7174        26.7399        18.3709        19.7000        18.7662
ss_62            71          -7.9773        -7.6511        -7.9358        -8.3653        -4.2743
ss_62            72          12.1795        11.3329        15.0885        10.3400         8.6018
ss_62            73           8.9988        13.7729        17.1863        16.8640        20.2277
ss_62            74          10.3356        11.4415         8.0634         7.9958         4.0071
ss_62            75          13.2636        21.6543        24.0030        27.0491        23.4947
ss_62            76           1.8210        -5.6904        -7.3704       -13.8698       -19.2307
ss_62            77           6.8555         8.3882         9.8692         2.2659         5.0953
ss_62            78         -12.3214       -11.8446       -13.2732        -3.2209        -3.0050
ss_62            79           0.7994         5.4919         5.4581         8.5000         8.8673
ss_62            80          13.9312        24.1430        35.2658        29.1326        24.9859
ss_62            81           5.3553        11.7630        18.6156        13.3135         8.7826
ss_62            82           2.6338         6.8586        10.1618        13.9724        18.4282
ss_62            83          24.0871        33.1339        35.1259        25.1303        20.6359
ss_62            84          -2.1567        -7.4762       -15.5308       -18.4564       -17.4041
ss_62            85          -2.7255         0.6156         0.4886         5.0246         9.1167
ss_62            86          32.5669        33.2426        30.8429        31.6658        24.4823
ss_62            87          11.2523         7.0148         6.6418         7.7579         4.7639
ss_62            88          12.0541        16.1362        19.2496        17.0308        12.8769
ss_62            89          14.7822        22.1122        24.2609        24.0116        21.5196
ss_62            90          -3.2729        -5.1664        -5.1613        -5.5535        -6.1551
ss_62            91           8.0068         9.7880         9.9662         7.6440         6.5870
ss_62            92          -2.2254         1.7106         0.8249        -1.0252        -4.0099
ss_62            93           6.7389         6.5872         7.7694        -2.5078        -3.9269
ss_62            94          12.7577        23.7179        22.9241        19.3178        16.3544
ss_62            95           4.1180         7.3736        15.7209        11.0790         9.1834
ss_62            96           9.0350        15.6278        22.4339        16.7360        15.3674
ss_62            97           4.1735         7.9479        12.4326        15.5227        16.8839
ss_62            98           7.0987         9.3223        12.3779        18.2435        16.3707
ss_62            99           0.0751         2.7942         5.9065         7.3174         7.3403
ss_62           100          10.3099        14.7537         9.1272        14.3845        15.5950
ss_62           101          24.8948        29.9994        31.7193        21.4832        14.2386
ss_62           102          -1.5920         3.7378         3.0286         5.9161         4.4431
ss_62           103          23.4100        20.1276        16.5442         8.7721         4.5944
ss_62           104           9.6471         8.3348        15.5452        13.4887        15.0376
ss_62           105           0.7277         2.7010         5.3286         0.0722        -1.7055
ss_62           106          -1.7755         2.7015         4.1873         4.4216         7.0197
ss_62           107           0.4062         2.8125         5.7330        -4.5964        -8.2154
ss_62           108          -4.2184        -2.6109         0.3094        -4.5923        -1.4921
ss_62           109           7.9890        13.6086        12.7933        17.6634        18.1201
ss_62           110          23.6801        30.2204        37.1158        28.5690        21.3989
ss_62           111          24.5507        32.2742        25.1629        24.4018        20.0810
ss_62           112           8.3786        16.6968        20.1050        19.1557        15.0414
ss_62           113          20.2587        18.7194        16.9684        20.0163        16.7089
ss_62           114           8.2624         8.3997        16.0600        14.6014        14.6492
ss_62           115           3.4344         3.8879        14.8622         3.1571         1.2138
ss_62           116          15.6905        14.4238        12.5025        17.0720        14.3961
ss_62           117          -0.3159         5.5590         1.3326         7.4015        10.0129
ss_62           118          19.5970        24.0652        27.5920        25.5192        16.8897
ss_62           119          -1.0287         4.2205         2.6293        -1.1253        -1.8823
ss_62           120           2.5432         3.5598         7.8860         7.2342         7.8811
ss_62           121          29.0180        38.5098        40.6993        32.4301        25.8506
ss_62           122          -4.3782        -1.5661         0.5910         0.5798        -1.6091
ss_62           123          -2.6671        -8.5692       -13.6423        -8.9645        -8.5268
ss_62           124          -6.5851        -7.9966        -7.8994        -3.6789        -5.7384
ss_62           125          16.2940        15.4056        22.8314        16.9968        16.0749
ss_62           126          16.1379        20.9691        19.2172        19.7782        17.4785
ss_62           127          31.3173        15.5956        16.4634        17.1485        15.8234
ss_62           128          19.0291        17.8983        15.6596         6.4161        -3.4239
ss_62           129           2.7950         2.0624        -9.2893       -17.8390       -19.3206
ss_62           130           8.6420        14.8659        24.5809        28.8390        35.6460
ss_62           131          20.3825        32.1589        39.4050        48.5202        46.7969
ss_62           132          20.7756        28.6861        30.8454        23.6991        16.3769
ss_62           133          20.6948        24.8919        24.7329        20.8268        15.7114
ss_62           134          14.7696        21.7908        27.8974        28.9102        21.1782
ss_62           135          13.3967        14.3507        12.7664        11.6958        10.8759
ss_62           136          -1.0409         2.4589         8.8246        10.2023        18.7824
ss_62           137           7.3089        11.2968        15.6023        21.6150        22.8221
ss_62           138          -0.2423         3.1142         3.5657        12.5806        10.1662
ss_62           139          16.4462        24.7152        25.2513        23.5153        21.3695
ss_62           140          14.1527        11.6861         6.5566        -2.3340       -10.1848
ss_62           141          24.3875        27.8166        26.2372        19.4510        15.3484
ss_62           142           7.8872        13.1633        19.7644        17.7741        18.9295
ss_62           143          -1.1617        -0.5679        -0.9754        -3.8571        -5.3377
ss_62           144          -0.8537        -0.7405         0.1388         1.3365         1.1383
ss_62           145           9.6468         9.0997         4.6380         0.7839        -4.1907
ss_62           146           8.7520         4.9999        -3.3048        -6.6771        -8.9254
ss_62           147          31.8106        39.0439        41.1333        31.6249        28.0305
ss_62           148          11.4828         9.4409         5.0953        -7.7682       -11.2866
ss_62           149          22.4029        29.0950        32.9385        31.3991        32.0632
ss_62           150          10.6359        10.6105        13.6756        13.5335        15.3390
ss_62           151           7.4171         3.9442         4.6782         7.1711         8.0841
ss_62           152           -.----         -.----         -.----         -.----         -.----
ss_62           153           5.8180         3.3481         0.9031         0.5118         3.3652
ss_62           154          18.1135        15.9850        12.0905         1.7513        -7.4742
ss_62           155           3.1943         1.5434         8.9456         7.3124         5.5184
ss_62           156          -1.2586        -9.6130        -6.4058        -8.1771        -7.0333
ss_62           157         -12.4477       -10.2148        -4.2988        -2.8683        -6.1968
ss_62           158           8.4341        11.3122        18.5178         8.9656         6.5173
ss_62           159          20.2854        21.8356        13.3890         7.1259        -1.2456
ss_62           160          10.0695        20.3602        11.9234         7.0622         1.4164
