Filename       Segment   T208T248Fz-ASNM T208T248FCz-ASNM T208T248Cz-ASNM T208T248CPz-ASNM T208T248Pz-ASNM
ss_62             1         -12.2596       -14.1138       -10.3887        -9.5691        -6.8423
ss_62             2           9.3527        15.1274         9.6286        11.7096        10.1257
ss_62             3           9.7668         8.9881         7.0313         0.0270        -0.1586
ss_62             4          10.4693        13.4594        15.5041        14.4384        11.9624
ss_62             5          -7.9487        -6.0934        -9.0329       -13.4823       -13.7023
ss_62             6          -0.3069         0.7408         5.2318        -0.4662        -3.3075
ss_62             7           5.3793         5.7191        12.9458         4.8815         2.2608
ss_62             8          20.1452        23.3683        23.0460        18.9028        14.3281
ss_62             9           4.0212        10.4610        13.7121        13.7820        17.9223
ss_62            10          -4.0627        -0.3227         5.6491         4.3845         9.3782
ss_62            11          13.0050        11.5588        11.6490        16.0600        18.4291
ss_62            12          10.6770        16.9515        21.2705        13.9836         9.5666
ss_62            13           1.2194         0.6436        -4.9644        -8.0692       -11.4842
ss_62            14          -0.5334         5.2000         6.8869         8.2431        11.2784
ss_62            15           8.9554        12.2033        11.9192         3.9800        -4.4706
ss_62            16          12.1331        10.5770        14.4369         3.5121        -1.6898
ss_62            17          29.1496        37.7582        38.1960        38.6013        34.5551
ss_62            18          13.4398        16.3791        15.8422        17.5876        18.7146
ss_62            19           6.2852         7.9336         7.6817        11.9068        12.2969
ss_62            20          17.5049        21.9703        17.2659        16.5298        11.5745
ss_62            21          23.9010        31.1133        40.5061        34.5833        30.4562
ss_62            22          -5.2473         0.0062         1.4216         8.3989        11.7292
ss_62            23          19.3845        20.9713        26.3535        23.9908        23.8518
ss_62            24           2.9382        12.9045        13.5166        16.4044        14.4022
ss_62            25          -7.7553        -4.6063        -6.2457        -9.4027       -14.3712
ss_62            26          15.7210        19.4716        15.3223        11.6739         6.8946
ss_62            27          -2.0249         3.2075         4.1882        -0.6342        -4.7905
ss_62            28           3.7630         1.3265        -3.4872        -1.2751        -0.9916
ss_62            29           2.1172         1.5006        -2.4691        -3.2916        -2.8393
ss_62            30           2.7384         5.1279        14.8328        15.9428        20.2477
ss_62            31          14.3463        19.4944        16.5412        15.7401        17.2083
ss_62            32          11.7477        10.8918         6.0669         1.9185        -0.5084
ss_62            33           9.4853        14.5130        19.6766        21.7530        18.6541
ss_62            34           3.8596         9.8610         6.8320         9.6357         9.9354
ss_62            35           1.4907         6.3274        11.7292         5.5300         7.0484
ss_62            36          17.1500        22.2540        29.7447        25.9329        24.7311
ss_62            37           9.1138        14.7608        15.9252         9.6571         7.4337
ss_62            38           5.5755        12.7337        11.1248        19.9127        15.2158
ss_62            39           5.3231        10.9928        13.7375        13.1851        13.1263
ss_62            40           5.8829        17.7862        17.1970        23.2307        19.6182
ss_62            41          -4.0580        -0.3002         7.7161         4.1440        -0.1137
ss_62            42           8.6193        19.4133        26.2909        20.1849        17.8848
ss_62            43          15.2069        19.1584        18.9042        23.2619        22.9042
ss_62            44          -6.3999        -5.3786        -0.2506         4.4308        13.3474
ss_62            45          20.5862        18.6716        15.1380        21.3496        19.0100
ss_62            46          11.6240        14.9883        10.1953        13.6499        12.6184
ss_62            47          -4.2049        -6.0154        -0.7605        -2.2643         2.0268
ss_62            48          11.5316        15.3704        15.1707         8.7606         4.7996
ss_62            49           7.0226         7.2585         6.5355         9.2554         8.7618
ss_62            50          12.7947        12.8588         9.6309         5.9877         3.6911
ss_62            51          -0.4871         1.9744         1.5987         4.8273         0.0132
ss_62            52          13.9280        20.3498        17.9532        10.0013         3.6308
ss_62            53           4.9931         6.2458        10.6071        12.9997        11.3301
ss_62            54           3.2792        -0.6213        -1.3997         0.7952         5.0819
ss_62            55          10.9152        18.8533        30.9735        30.2231        27.3196
ss_62            56          -2.6608        -1.1131        -5.5907       -12.6567       -10.6058
ss_62            57          15.8223        22.7264        22.3792        17.4178        15.8670
ss_62            58           4.5513         2.0742        -5.0736         0.7731         2.4518
ss_62            59          10.1109         7.2563         7.4638         0.2878        -3.8276
ss_62            60           6.7740        13.2583        13.9777        17.8482        17.7818
ss_62            61           8.1960         9.2251         7.7440         1.1274        -5.5533
ss_62            62          28.9151        31.0769        29.3993        32.1473        25.4059
ss_62            63           0.5740         1.9077        -2.1827        -0.6013        -4.5477
ss_62            64          13.3562        16.1697        20.7207        21.3254        20.0172
ss_62            65          20.6687        19.2879        16.4710        15.0222        12.7442
ss_62            66          -1.2793        -1.1400         6.1537        -1.8411        -2.6259
ss_62            67           4.6544         4.6521        13.1148        13.3990        15.3711
ss_62            68           7.3663         9.9372         9.3269         4.4415         0.2946
ss_62            69          13.9749        18.4393        23.0883        12.3478        15.0261
ss_62            70           2.1617        12.3223         9.4519         5.5566         8.4231
ss_62            71          10.3313        15.8724         6.9993        -0.6939        -2.7730
ss_62            72          -1.2638         3.5247         4.6762        -0.8044        -4.4114
ss_62            73           7.1434         8.7132        12.8555        13.4935        21.3613
ss_62            74          12.9219        14.5805         7.7857         4.5445         0.6521
ss_62            75           9.3127        16.2644        18.7520        19.7714        15.6231
ss_62            76           5.5195         0.7267        -0.0028        -7.0169       -13.0738
ss_62            77           5.9383         7.0362         3.2157         0.0900         0.4958
ss_62            78           4.0189         7.2380         1.9401         4.0966         4.9580
ss_62            79           9.6411        12.7666        14.4352        12.7607         8.1100
ss_62            80           4.5996        10.1899        16.0838        11.1476        10.5672
ss_62            81          10.5188        15.3243        25.8307        23.3852        19.0287
ss_62            82           6.8964        11.5612        15.6952        14.1720        16.0576
ss_62            83          16.8348        27.3787        34.5340        33.7553        33.6605
ss_62            84           0.4020         0.7866        -1.5479        -0.7265        -1.6184
ss_62            85           4.0448         6.3608         8.4789        13.4977        14.7190
ss_62            86          37.0647        38.3077        34.8073        26.4344        16.6182
ss_62            87           5.1498         0.9112         2.2958         9.9428        12.0689
ss_62            88           9.8720        10.3818        17.3377        16.1310        14.8757
ss_62            89          17.1766        22.9333        23.8843        24.4546        22.9521
ss_62            90           5.5338         3.3161        -3.0308       -10.5364       -14.5045
ss_62            91           2.8703         3.1653         4.1779         0.9696         3.2226
ss_62            92          -0.2006         3.3780        -1.1304        -0.6461        -2.8420
ss_62            93          -0.1140        -3.0305        -0.3816         3.3217         8.8764
ss_62            94           3.7430        10.9679         8.7188         2.3706         0.0660
ss_62            95          16.1199        20.4869        24.5203        18.5451        16.4797
ss_62            96          12.2313        19.6966        31.2583        27.7057        27.1486
ss_62            97          -0.7664        -1.0311         4.5554         5.7724         8.2401
ss_62            98           4.9971         2.8218         3.0330         5.7317         5.4045
ss_62            99           0.0417        -2.6385        -1.6015        -0.9787         1.7001
ss_62           100           6.1550        13.7242        14.6995        20.9845        21.8100
ss_62           101          21.9101        25.5315        32.1098        24.6792        16.3133
ss_62           102           3.9256         9.4870         4.5991         1.6906        -1.0576
ss_62           103           9.8432        10.0595        14.5815        13.8592        10.1914
ss_62           104          11.9699         9.2002        13.0421         8.7707         8.2536
ss_62           105           0.6931         3.7909         5.2972        -3.1467        -5.8873
ss_62           106          15.2923        25.1254        23.8301        12.6963         5.8799
ss_62           107           1.9380         3.6633         3.8247         1.0908        -2.8310
ss_62           108          -3.2147        -4.3936         0.7239        -6.0354        -2.8546
ss_62           109           9.7433        16.1346        13.4242        15.2076        15.5380
ss_62           110          10.7213        19.2045        30.7314        25.9410        23.6810
ss_62           111          24.8772        28.9486        27.7632        21.3708        11.5025
ss_62           112           7.7383         8.8998         5.4588        -2.2910        -3.1794
ss_62           113          25.8113        27.2220        22.1281        24.4599        18.8915
ss_62           114          14.5820        13.1998        19.7349        14.2768        11.8707
ss_62           115           0.9581         0.0379         5.8852        -8.8789       -11.5811
ss_62           116          17.5192        18.0054        15.5342        20.9966        20.1928
ss_62           117           1.3669         8.9126         5.7911         9.4839        12.8021
ss_62           118          13.6280        17.3082        16.2654        14.9657        12.8777
ss_62           119           5.2814        11.3829        15.8938        22.0015        20.5244
ss_62           120           2.5290         0.3866         6.7081        10.8792        15.3319
ss_62           121          16.8361        23.4193        21.6140        10.2891         6.0892
ss_62           122           7.8503        12.8713        15.8605        18.0697        17.9240
ss_62           123          -2.3027        -7.4212       -12.4554       -17.0318       -19.5491
ss_62           124          -7.5919       -13.6016       -23.2698       -20.2498       -14.8573
ss_62           125          10.6189         9.9444        18.7105         9.6003         7.6402
ss_62           126          21.5262        27.0701        25.8888        24.1807        21.0188
ss_62           127          21.7605         7.9172         9.4223         3.5959         3.9660
ss_62           128          13.2253        13.5877        16.3745        12.2641         7.1938
ss_62           129          18.4117        25.0529        22.1202        14.5399         7.3224
ss_62           130           8.9015         7.4630         9.0354        12.9759        18.9564
ss_62           131           1.4123         6.8625         4.0755         1.7804         4.1951
ss_62           132          20.3110        24.8258        32.4862        23.7507        18.4596
ss_62           133           3.6136         7.6352        11.1765        19.2436        17.8659
ss_62           134          -8.0336        -8.2166        -8.1684       -11.2777       -11.0018
ss_62           135          14.8312        17.7564        19.4598        15.4136        10.4371
ss_62           136          -0.6238         3.6317         9.1957         8.8512        15.8666
ss_62           137          14.0887        11.8879         5.9743        -0.7180        -5.1432
ss_62           138           7.7780         8.6704         1.9088         3.4357        -1.5333
ss_62           139          12.2469        18.5825        16.4434        11.2642         5.1398
ss_62           140          11.1311        13.0443         9.2651         3.2477        -3.0873
ss_62           141          18.0711        22.5132        21.6372        20.2913        16.5641
ss_62           142           3.8294         3.0930         5.5650         0.4363        -1.4683
ss_62           143          24.1594        29.1371        22.9937        14.1348         6.7755
ss_62           144          -0.4935        -2.0977         3.4639         4.6562         5.6668
ss_62           145          10.8518         8.0129         5.8487         3.6978        -1.4393
ss_62           146          13.1071        10.0225        -2.1350        -7.1356       -10.4137
ss_62           147          26.8510        34.1855        41.4325        35.7834        32.8943
ss_62           148          12.3525        11.9140        11.8676         6.4441         6.5213
ss_62           149          12.1050        18.6028        19.9024        16.9121        16.0745
ss_62           150          12.5905        12.8281        15.9752        12.9020        11.7222
ss_62           151          30.9770        29.0041        24.9221        19.4703        11.4257
ss_62           152           -.----         -.----         -.----         -.----         -.----
ss_62           153          11.6902        10.5010         5.2125        -1.3319        -4.5579
ss_62           154          10.4598        13.4508        12.9417        10.9472         6.5141
ss_62           155           1.3885        -4.2318        -1.5472        -6.3067        -6.7982
ss_62           156          -5.4312       -13.4881       -12.8706       -11.9429        -7.2803
ss_62           157          -7.5451        -5.3271        -2.1433        -0.6566        -0.9727
ss_62           158           8.3647        10.6161        16.3073         9.9158         8.1973
ss_62           159           5.7876         7.8191         8.4469         7.1329         3.3912
ss_62           160           4.8048        14.6495        10.1485         7.4155         3.5584
