Filename       Segment   T232T272Fz-ASNM T232T272FCz-ASNM T232T272Cz-ASNM T232T272CPz-ASNM T232T272Pz-ASNM
ss_61             1         -13.1663        -8.0648        -2.4454         2.5004         7.6449
ss_61             2          -7.3855        -2.6015        -0.9802        -2.4258        -6.6415
ss_61             3         -10.1938       -12.1088       -14.0454       -16.9023       -15.2527
ss_61             4         -14.7684       -17.6702       -20.3016       -13.5615        -8.4961
ss_61             5         -19.6832       -21.5448       -22.7199       -19.2924       -10.0539
ss_61             6           3.0118        -2.7069        -4.9106        -6.9767        -6.4662
ss_61             7          -7.4548        -2.9292        -2.6597        -1.5415        -0.0996
ss_61             8           6.9670        12.5452        12.8669         8.7599         9.4101
ss_61             9          -6.5627       -12.3528       -11.6296       -12.2845       -10.2591
ss_61            10         -21.7116       -23.8797       -23.7465       -19.9341       -17.9094
ss_61            11          -9.2838       -14.6325       -14.3856       -14.6742       -14.8094
ss_61            12          -0.4488         3.8721         4.0376         6.3494         8.4340
ss_61            13          -9.1249        -6.1471        -3.8422        -0.0412         3.7273
ss_61            14         -20.0443       -19.3104       -17.4272        -9.9592        -0.0294
ss_61            15         -18.0487       -16.1867       -11.0166        -6.8438        -3.3660
ss_61            16         -14.9020        -7.6113         3.9981        10.7811        18.7086
ss_61            17          -8.6272        -8.6075        -3.8805         2.8476         8.0002
ss_61            18           0.7950        -2.9680         2.7512         7.1620         7.1101
ss_61            19           0.7173         2.9929         2.9075         4.4129         7.9959
ss_61            20         -10.5494       -12.4054       -20.2710       -22.1430       -22.3174
ss_61            21          13.0222        14.8269        13.5095        14.9672        19.2169
ss_61            22          -5.5139        -0.4557        10.0175        19.0456        19.1606
ss_61            23           9.7230        19.0362        18.6157        23.1070        22.1968
ss_61            24          13.7218         9.6345        12.8984        20.2472        19.2839
ss_61            25           5.5778         9.9849        13.6629        16.8660        21.1937
ss_61            26           9.3873        14.0642        13.3359         9.5676        13.0908
ss_61            27         -16.3319       -12.8393        -8.3973        -3.2757         6.4247
ss_61            28         -36.5392       -22.0620       -11.3422        -0.8828         5.1063
ss_61            29          10.3654        15.8323        14.2425        12.1239        12.1600
ss_61            30          -6.7354         1.0197         7.3669        18.0622        20.2378
ss_61            31          17.5048        20.9247        19.6229        12.0353        11.9850
ss_61            32         -24.6311       -14.8863        -6.0711         9.6409        20.4808
ss_61            33           3.3906        12.6272        15.8673        18.1295        16.1697
ss_61            34          -0.4352        -1.1915         3.5245         5.6111         4.4932
ss_61            35          12.0102         8.6164         9.5084         8.3063         9.3509
ss_61            36          -8.0180        -6.1196        -3.2138        -3.0134         2.9234
ss_61            37           7.7467         6.0055         6.5327         0.8133        -1.8967
ss_61            38          17.9342         7.8013        13.6577        24.4098        38.3303
ss_61            39          -3.2955        -9.7196        -1.6159         5.1450         0.8539
ss_61            40          12.4651        19.0237        25.7534        34.3973        39.7999
ss_61            41         -36.9631       -17.7094       -12.6942        -5.7697        -9.4224
ss_61            42           8.9151        12.7337        16.4586        24.3274        27.1460
ss_61            43           9.7924         4.9425         8.3283         8.5494        10.2045
ss_61            44          20.0120        20.6390        27.7567        29.6043        28.7593
ss_61            45          -5.4820       -22.5354       -18.5600       -20.5029       -18.8240
ss_61            46         -21.6154         0.1419         0.6202         5.0545        11.5191
ss_61            47           2.6614        12.6465        13.1290        13.4483        13.1165
ss_61            48         -10.5806       -10.1313       -12.8192       -13.1593        -9.5358
ss_61            49          15.3606        19.3566        20.6236        15.8975        12.3230
ss_61            50         -17.5195       -42.7710       -42.5515       -46.0134       -39.3502
ss_61            51         -14.2329       -12.1884        -9.8202        -3.0698         0.8208
ss_61            52         -20.6054        17.0915        14.2371         7.2778         6.0004
ss_61            53          10.6184         7.4158        12.8850        13.4605        18.6269
ss_61            54          -7.5915         1.7534        15.7815        20.1589        22.5977
ss_61            55         -18.4159        -7.5149       -13.6061        -3.7292        -7.8729
ss_61            56          48.7421        31.0466        30.3765        22.6803        29.5957
ss_61            57          55.6297        44.7143        36.1132        30.3510        38.4492
ss_61            58           4.9313        -0.0227        -2.7972        -2.8584        -0.9610
ss_61            59           -.----         -.----         -.----         -.----         -.----
ss_61            60         -29.1747        -7.2877         5.9213        14.4274        12.5618
ss_61            61          -5.0690         8.4476         8.6738        16.4461        -6.2270
ss_61            62           -.----         -.----         -.----         -.----         -.----
ss_61            63         -16.7555        -3.1563        12.3225        17.6153        20.1179
ss_61            64          23.8395        12.0962         2.9524        -8.9569        -3.1208
ss_61            65         -12.8849        -3.4662         0.4923        -0.1375         4.2915
ss_61            66         -20.6462       -18.6953       -22.5798       -11.0413        -9.2101
ss_61            67          -0.9046        15.1497        18.2806        17.6093        18.6188
ss_61            68          -1.4347         6.1473        17.6185        14.5534        15.2898
ss_61            69          54.1571        42.5309        38.4406        30.5816        23.1651
ss_61            70          -9.0062       -19.2088       -13.9327        -5.8886       -11.0943
ss_61            71          19.5959        19.3137        19.4042        18.7322        21.1077
ss_61            72          -3.7501        -1.9433         1.2634         3.9156         5.5351
ss_61            73         -11.7618         7.5620        11.9950        11.6721        14.6374
ss_61            74          16.6249        11.8914         5.5386         5.3095        10.1191
ss_61            75          -0.0864        -6.1188         4.2206         7.5279        15.7669
ss_61            76         -24.1146       -15.2691       -17.2470       -12.4909        -9.7281
ss_61            77          -3.9013         1.0608         3.8132        12.4778        18.2975
ss_61            78          14.9934        15.6995        13.1111        12.5990        13.1652
ss_61            79           9.6604        -0.3418        -0.6537         0.9526         1.7619
ss_61            80         -11.0723        -2.6634         7.3664        17.2521        11.7426
ss_61            81           0.0271        -0.9097        -9.8814        -5.3662        -3.5643
ss_61            82          17.1087        11.4322        16.7701        17.8912        17.1637
ss_61            83          -1.5989        -5.0373       -10.2245       -10.8158         1.1471
ss_61            84         -20.8329       -20.3502       -20.1826       -28.3136       -30.0798
ss_61            85          11.3994       -17.4803       -22.1484        -4.4416        -8.7676
ss_61            86         -15.8173        -4.0581        -0.4964         5.2230         4.2239
ss_61            87          11.4313         3.3378        -1.9690        -4.0347        -8.7651
ss_61            88         -15.5484        -7.8783        -4.8248        -1.4609         0.3162
ss_61            89           0.4702        -0.9485         2.7394        -0.7145        -2.5946
ss_61            90         -17.2114        -1.1719        14.5919        32.3140        52.4886
ss_61            91          -2.1436        -3.1581         1.7768         4.0583         2.3416
ss_61            92         -14.9496       -10.2082        -9.3084        -7.2205        -1.7918
ss_61            93          -3.2810        -7.3551       -10.3588        -6.6140        -0.4958
ss_61            94           7.4097        11.1355        26.4758        34.2429        41.4127
ss_61            95           4.4182         6.0704         5.4635        11.6889        15.7250
ss_61            96         -10.3427        -7.1616        -3.2748        -1.2377        -1.4999
ss_61            97         -12.4022        -5.2823        -7.2013        -5.6081        -3.5568
ss_61            98          -2.4679        -6.3368        -6.3343         4.8276         9.7028
ss_61            99           5.0999         0.7391        -3.8398        -8.5036        -5.5793
ss_61           100           4.1680         3.0621         9.1895        18.3188        25.4942
ss_61           101         -10.9845       -18.6680       -20.9883       -20.6562       -13.8957
ss_61           102           3.7825         9.9215         7.3160        16.7841        17.4259
ss_61           103         -16.7175        -3.7222         7.8020         5.8711         7.3865
ss_61           104           5.8535        11.0045        14.8704        24.3946        30.9043
ss_61           105         -24.7672       -17.3986       -20.9817       -10.7049        -8.6157
ss_61           106           2.6598         2.6325        12.7671        18.5373        23.0005
ss_61           107         -13.6348         7.0754         8.1907         2.7490         7.2071
ss_61           108         -13.5892       -14.4160       -14.3499        -9.6373        -9.5175
ss_61           109           9.9012        21.1094        16.4106        15.8265        16.3764
ss_61           110          23.9274         9.8811        10.8708        18.3477        23.6316
ss_61           111          33.5344        28.4401        29.8303        32.6263        38.1646
ss_61           112           2.7263        -6.7518       -14.7976       -29.8211       -18.3266
ss_61           113          -7.1003         5.1746         8.1818         3.4426         6.0836
ss_61           114          -0.0513        -0.1477        -2.5108         2.7520         6.0847
ss_61           115          41.3454        49.6462        32.0418        14.0999         5.0433
ss_61           116         -23.1149       -31.0147       -20.9611       -19.0115        -2.0599
ss_61           117          51.0051        25.4298        22.7155        19.5499        30.4241
ss_61           118         -16.1231       -15.3645        -9.3215        -4.4586        -0.2849
ss_61           119          -9.4757       -12.8914       -15.7973       -16.6325       -17.0682
ss_61           120          33.6863         4.1764         8.2541        10.8997        26.5729
ss_61           121          -5.9192        -4.4399        -4.9414        -1.4911         8.7995
ss_61           122           8.4673         0.5661         0.5385         2.9069         4.0650
ss_61           123          31.3075        18.8325        13.0086        15.6878        24.0499
ss_61           124          -8.5752        -3.2304         4.3361         9.7256        10.9905
ss_61           125           0.9679        11.8664        14.6340        18.6006         8.1922
ss_61           126        -136.6495       -51.0978       -36.9549        -1.3175       -19.9678
ss_61           127           7.3413        10.1156         5.4909         6.0342         1.5982
ss_61           128         -13.3202       -35.0781       -24.3058         9.5384        -2.2090
ss_61           129          69.3763        50.1951        57.5115        61.0909        84.6431
ss_61           130          18.5769        17.8846        18.7005        16.8860        11.6650
ss_61           131          13.4612        11.0132         4.7331         3.7971        -0.9220
ss_61           132         -39.3729       -35.7906       -29.4838       -19.0860       -14.9588
ss_61           133         -27.1485       -24.3676       -40.6145         6.4167        15.1332
ss_61           134          47.2409        22.0065        19.3974        23.7756        55.7431
ss_61           135           7.7327        17.2394        11.3267        13.6624        -0.7109
ss_61           136         -18.4907       -24.4549       -28.3378       -23.6785        -4.4308
ss_61           137          17.9686         6.4971        14.7739        17.3589        32.2378
ss_61           138           2.3271         1.4042        -1.5290        -1.0310         0.0438
ss_61           139          -4.8933         1.1805        -1.5562        -4.4899       -12.0148
ss_61           140          -4.5599         5.6397        10.3350        10.2873         7.6960
ss_61           141          15.0011        17.5339        18.6569        19.5027        20.2763
ss_61           142         -19.6356       -10.5951        -2.4338        -0.3652        11.3789
ss_61           143           -.----         -.----         -.----         -.----         -.----
ss_61           144          28.8808        30.1845        27.8757        20.8170        13.8179
ss_61           145         -14.0307       -20.3399       -15.4164       -12.7418        -3.1673
ss_61           146         -36.9234         5.3933       -13.6374        -7.1117       -37.4804
ss_61           147          36.1111        22.5695        37.4203        35.9244        68.9959
ss_61           148          15.8696        31.2322        27.2438        28.0096        29.7180
ss_61           149          21.4054        17.6330         1.8484        34.8653        36.3456
ss_61           150         -12.3221        -9.5518       -16.1454       -22.1103       -46.7230
ss_61           151          11.7957         5.3078        11.4114        17.3418        21.6995
ss_61           152         -20.0319        -4.8577        14.5041        30.3254        57.3668
ss_61           153          12.4953         0.2072        12.3934         8.2494        44.2121
ss_61           154          28.7241         5.9255        16.6552        17.6347        40.9959
ss_61           155          41.2091        16.6708        28.8492        34.0814        44.5796
ss_61           156          24.1537        26.8449        25.6973        30.0854        32.8855
ss_61           157           -.----         -.----         -.----         -.----         -.----
ss_61           158           1.7665        -0.0494        12.9889        21.0890        31.3695
ss_61           159          10.9686       -10.1954        15.2564        10.3868        27.5656
ss_61           160           0.4379         0.0075       -11.0854        -8.2804        -2.1244
