Filename       Segment   T260T300Fz-ASNM T260T300FCz-ASNM T260T300CPz-ASNM T260T300Pz-ASNM
ss_03             1         -12.6840        -9.1657        -4.4081        13.5014
ss_03             2          15.7662        26.3492        39.1889        48.3569
ss_03             3          -2.6812        -4.1147        -4.6013       -11.7363
ss_03             4           2.1990         3.1283        23.6621        23.2456
ss_03             5          -2.6093        -3.2273        -1.5487        -6.1536
ss_03             6          -3.5453         1.7456        23.0480         7.6431
ss_03             7           0.2954        -3.7397         5.9432        16.2702
ss_03             8          -3.3223         0.2351       -13.5245        -7.4822
ss_03             9          11.5001        18.4089        10.5866         3.5444
ss_03            10         -17.4804       -17.8780        -1.0304        -4.2300
ss_03            11          11.2492        14.8419        17.0411        20.6990
ss_03            12          28.1612        40.4386        36.6579        33.6967
ss_03            13          13.5950        19.2207        30.1644        25.5188
ss_03            14           4.0299         6.6992        22.8697        22.7953
ss_03            15           9.9834        13.4206        13.7832        14.7443
ss_03            16           7.6101         8.0603         7.2065        -7.8910
ss_03            17           8.0098        16.4290        23.6601        17.4091
ss_03            18         -12.3893        -8.6941         7.1614        -1.8866
ss_03            19          -4.6302        -7.7519        -9.9521       -10.2910
ss_03            20           1.5758         3.3207         5.4110        -1.0480
ss_03            21           5.0086         6.9144         2.2708        -9.8568
ss_03            22          19.2008        21.2737        11.9988         5.1478
ss_03            23          20.1999        20.6283        18.2937        10.8725
ss_03            24          13.9833        18.5879        18.4047        17.0147
ss_03            25           4.5341         8.1215        12.4485         8.5226
ss_03            26           5.0321         4.8401        11.5024         3.6665
ss_03            27          -6.1613        -8.5071         1.7639         8.3673
ss_03            28         -12.5036        -8.6985         2.9286        13.3574
ss_03            29           9.9206        16.4540        10.4307         3.6911
ss_03            30          29.9852        35.5372        32.4684        17.8702
ss_03            31          15.8434        34.8884        30.2444        26.8605
ss_03            32           4.6139         8.7388        10.8139        -6.8565
ss_03            33           7.4625         9.2512         8.7097         0.5805
ss_03            34          -5.5054        -7.1871        -5.8830         6.8222
ss_03            35          23.5921        27.8211        28.6133        29.7201
ss_03            36          13.9501        19.8924        27.3813        29.8365
ss_03            37          -7.0407        -2.4820        12.2560        17.7668
ss_03            38          -0.2354         5.4087         8.0055         2.8454
ss_03            39         -10.6703       -11.9353         2.6479        16.5466
ss_03            40          15.9711        15.4466         6.6565        -0.7287
ss_03            41           9.3194        11.8570        19.1847        29.3816
ss_03            42          -4.8112         4.7361        22.6198        14.8475
ss_03            43          -1.6277         1.6485        -2.7185         6.1858
ss_03            44          -1.3179        -5.9742        -4.8355        -1.4386
ss_03            45           5.1573         5.4453         7.9730        -8.3286
ss_03            46          17.5420        20.3357        28.4952        21.3831
ss_03            47          -4.5756         6.2135        13.6764         1.2431
ss_03            48         -12.4898        10.3539        17.2875        36.1479
ss_03            49          13.8130         9.4050         6.0235        -6.0900
ss_03            50         -23.0309        -8.4804         2.1619        14.2694
ss_03            51          14.5467        12.4277        20.9257         0.0497
ss_03            52          13.5856        18.5162        22.4945        26.8170
ss_03            53         -26.4991       -34.3475        -8.0589       -21.1120
ss_03            54         -10.8057       -12.2473         6.0502        -1.3994
ss_03            55           0.7553        -2.6120        10.8041        -9.6189
ss_03            56          18.0379        22.0178        26.3598        13.2216
ss_03            57          20.7350        25.6859        24.8790        16.7717
ss_03            58          13.9995        21.4351        31.1492        27.8069
ss_03            59          26.3330        35.4476        50.6758        35.1842
ss_03            60          14.9388        11.1197        23.5440        11.7271
ss_03            61          22.4056        33.2723        41.3853        38.9520
ss_03            62         -10.5452       -12.2338         3.2819         8.0335
ss_03            63          16.1251        20.3697        16.4758        10.6630
ss_03            64          19.8460        26.9726        32.0377        40.0849
ss_03            65         -18.5411        -4.0486         4.8961         8.8910
ss_03            66           6.4842         7.0949        19.5322        22.5036
ss_03            67          10.0349        14.9501        12.1422         9.2657
ss_03            68          10.2087        17.3018        22.9554        18.4505
ss_03            69          -1.4969        -0.0210         3.8519         2.2967
ss_03            70          -6.0799        -1.5307        -5.5366        -7.9477
ss_03            71          13.2368        12.1947        20.3547        26.3459
ss_03            72          11.4465         5.8903        11.6935         8.6528
ss_03            73          16.1225         9.8200        10.3330        -8.3138
ss_03            74          -0.6807        -4.9884         4.5756         7.0741
ss_03            75          -5.5878         8.4497        12.4993        51.1303
ss_03            76         -12.9321       -47.6013        -9.2472       -47.8720
ss_03            77          20.5797        22.0198        29.3875        16.2385
ss_03            78           1.5493         3.1797        14.7880        -4.0676
ss_03            79          10.1879         6.8819        15.5995        -1.6163
ss_03            80          10.9569        15.2023        17.3568        27.7850
ss_03            81          -7.3006        -4.6780        -6.2992         5.6437
ss_03            82          -6.7698        -3.7660         6.2363        14.0904
ss_03            83           1.7102        21.1718        16.9467        29.0751
ss_03            84          25.2117        26.8982        34.9284        25.4619
ss_03            85           2.1080        -8.2060        17.3224       -12.1406
ss_03            86          11.9390        13.3883         5.7316         1.6752
ss_03            87           7.4569         4.5123         7.0225        -7.5607
ss_03            88          13.7108        18.2743        35.5785        19.7653
ss_03            89          15.8422        19.9191        24.4859        19.8265
ss_03            90          23.3449        36.1321        26.8748        28.5076
ss_03            91           9.7392        16.1743        36.4003        14.2788
ss_03            92          12.6650        26.9291        31.2978        31.9969
ss_03            93         -16.9881       -15.3057         3.7997        18.3183
ss_03            94           8.4391        13.8978        10.0246        10.9808
ss_03            95         -15.3749        -6.2227        14.6429        20.7192
ss_03            96          14.7234        17.1793        31.0257        23.5492
ss_03            97         -10.9272       -13.2767        -5.9305         3.7707
ss_03            98         -15.3649       -13.0741         9.5407         9.0589
ss_03            99          24.7963        35.1444        38.6163        25.7554
ss_03           100         -17.6744        -9.5815         8.9578         2.1822
ss_03           101          -8.3724        -5.1256        12.3572        12.8934
ss_03           102          -2.1714         1.1832         8.1594         8.5312
ss_03           103          -7.1290        -8.7334         5.8930         9.0754
ss_03           104           7.0531        15.3300        -5.0946        -8.0538
ss_03           105         -17.9050       -19.7337         6.5852        13.0526
ss_03           106          -6.5079        -2.1809         8.1424        14.5047
ss_03           107           5.3630        22.5590        24.0807        18.7430
ss_03           108         -26.1259         0.6891         1.8655        14.6421
ss_03           109           4.4630         7.2209        10.6324        -2.1170
ss_03           110           4.6715        10.7427        28.3797        26.8073
ss_03           111         -37.1611       -34.6688       -20.4751       -20.4934
ss_03           112          13.0026        12.0741         6.4064         2.4848
ss_03           113          14.1753        11.1841        20.3469         7.2200
ss_03           114           9.0764        11.0245        17.9618         6.1260
ss_03           115           9.2436        -4.3833         5.3980       -23.6859
ss_03           116          -6.3047        -0.8414         7.8198        -6.9471
ss_03           117          18.7152        23.5502        30.0949        30.7026
ss_03           118           3.7190        -4.0254        -3.0500        -1.6982
ss_03           119           -.----         -.----         -.----         -.----
ss_03           120           9.6991        16.7587        21.7862        20.3091
ss_03           121          23.5068        30.4895        36.2061        17.8164
ss_03           122          10.3576         9.6793         9.4070         6.9800
ss_03           123          18.3490        22.6223        22.6445        18.2092
ss_03           124           2.6026         6.1242        12.2495         3.9020
ss_03           125          -6.8526        -9.4651        -8.9540       -12.0417
ss_03           126          -8.3697        10.5497         9.3802        33.2696
ss_03           127         -10.0087        -5.1944        12.6503        10.1081
ss_03           128          -2.2640         6.4834         6.3103         0.3230
ss_03           129          33.4922        47.5763        49.3285        46.7868
ss_03           130         -17.8052       -21.3776        -3.8049       -12.4618
ss_03           131          19.9215        21.2917        25.4204        32.2773
ss_03           132          13.4823        10.3404         4.1978        -4.0841
ss_03           133         -11.0113        12.6682         3.1192        31.0157
ss_03           134          -3.0382        -0.0564        22.4872         0.1754
ss_03           135          -2.0246         5.0196        27.6650        30.9651
ss_03           136           5.1173        29.5034        10.4509        25.7042
ss_03           137         -15.8933         8.8898         7.5096        23.3019
ss_03           138         -10.7087        -5.4792         5.5697         6.0888
ss_03           139           3.4529       -17.6676       -16.8143       -30.1280
ss_03           140          33.4128        38.9826        23.9707        16.0896
ss_03           141           2.1887         2.5676         7.4743        10.1283
ss_03           142           3.8575        13.4460        25.3725        15.7778
ss_03           143          15.4319        20.5869        26.1173        23.5712
ss_03           144           2.3567         4.4660         7.3355        -5.2041
ss_03           145          15.5503        20.8704        24.2129        14.7795
ss_03           146          -0.9667         3.4272        -8.1022       -15.7745
ss_03           147          11.9838        18.0339        14.6974        10.6986
ss_03           148           4.6082         1.9598         5.0507        -1.4391
ss_03           149           9.3574         3.5220         1.4866       -10.8536
ss_03           150          -1.6668         2.5495         1.9505        -2.1452
ss_03           151          10.5114        12.5780        15.2136        12.3949
ss_03           152          -4.0992         2.1709        11.6700        19.0240
ss_03           153           5.6684         7.4172         9.7790        -0.8237
ss_03           154          20.5415        30.0450        29.3693        22.3492
ss_03           155          31.5633        35.7794        28.9416        20.7448
ss_03           156          19.9014        20.7013        24.1212        19.5517
ss_03           157          -4.8015        -2.1282         7.8329         4.6194
ss_03           158         -21.3443       -23.7077       -17.2238       -14.6468
ss_03           159          22.2897        31.1096        21.9395        22.4584
ss_03           160           3.5015        13.3194        23.1093        14.9281
