Filename       Segment   T212T252Fz-ASNM T212T252FCz-ASNM T212T252Cz-ASNM T212T252CPz-ASNM T212T252Pz-ASNM
ss_09             1          -9.9007        -2.0450        -0.3554         2.6748         6.3659
ss_09             2          -3.5697        -3.8592        -3.1350        -2.2802        -2.4285
ss_09             3          12.5463        16.5569        19.9168        19.7192        17.0873
ss_09             4         -26.1351       -22.9969       -12.5028        -7.0937        -5.7892
ss_09             5          24.0609        26.9054        24.3818        13.7887         4.9239
ss_09             6           3.2620         0.4663         1.2488        -5.1977        -8.2458
ss_09             7           6.3882         7.0107         8.7432         9.5750         6.4102
ss_09             8          -0.1899         7.9251         6.7764         6.7756         6.8583
ss_09             9          -2.4205         5.9750         3.2125        -3.2519       -11.3745
ss_09            10         -24.7150       -15.6725        -9.4242        -5.0896        -5.9572
ss_09            11          23.1406        26.0440        28.2669        27.4570        24.0629
ss_09            12          10.4639        15.8829        19.4163        16.6335        13.0068
ss_09            13          12.2582        17.1238        18.7342        16.7117        12.1252
ss_09            14          15.4263        19.5900        22.7325        19.6568        15.7903
ss_09            15          29.5155        32.3265        34.2356        32.3269        32.3001
ss_09            16          28.2029        29.6184        25.9721        21.5717        19.3177
ss_09            17         -21.4967       -13.0280        -9.2742        -9.8240        -1.3436
ss_09            18           7.6828        12.2271        15.6855        16.1448        13.6068
ss_09            19          10.2195        20.4702        23.9086        23.1729        19.9999
ss_09            20           7.0107        12.7893        16.2817        15.0184        11.4941
ss_09            21         -10.7442        -8.4676        -4.3125        -3.6057        -5.3554
ss_09            22          -9.9507        -5.9947        -4.2301        -2.2491        -1.2036
ss_09            23         -12.4223        -9.6902        -9.5645        -7.2699        -2.0472
ss_09            24          27.4551        26.8261        25.3076        21.8647        19.3660
ss_09            25          37.4754        39.5710        37.7918        36.3183        27.1641
ss_09            26          15.9091        13.7800        13.3165        17.6229        16.6896
ss_09            27          30.0274        36.8805        41.8837        42.3626        36.8444
ss_09            28           4.8136         3.4096        -0.9886       -10.0152       -13.1440
ss_09            29          50.5300        52.6715        51.1664        47.4571        40.7879
ss_09            30          31.0535        27.9940        31.7333        35.6135        31.0325
ss_09            31           2.6794         9.5833        11.1643        13.3536        12.4798
ss_09            32          -9.1032        -1.4223        -3.9828        -0.6265        -1.2372
ss_09            33          16.5632         8.9230        10.8800        12.0422        10.1010
ss_09            34           9.1316        12.6072        19.3547        19.6250        22.3781
ss_09            35          11.8826         6.2264         6.7877         5.1528         4.8440
ss_09            36          -1.2887         1.4130         2.7355        -0.3765        -3.3221
ss_09            37         -10.6758        -5.4970        -0.8492         3.5566         5.9918
ss_09            38          18.8509        19.1641        15.1814        16.4777        12.7174
ss_09            39          17.8766        20.5116        20.6311        21.9815        20.4111
ss_09            40          -1.2984         0.6360         4.5483         7.1231         4.1197
ss_09            41           5.4120         6.5172        11.2832        14.4508        15.5540
ss_09            42          19.5959        21.7278        22.7429        22.0621        16.2183
ss_09            43          -1.3847         6.2663         8.1550        14.0480        15.0468
ss_09            44          -2.7226         0.3140         3.2961        10.8365        11.7115
ss_09            45          33.5727        40.7038        45.3931        45.3852        45.1800
ss_09            46          28.4769        31.8171        38.6077        39.6989        38.3994
ss_09            47           5.6367         9.2081         9.6692        11.7540        11.6550
ss_09            48          -0.5741        -0.0632         3.1486         7.7474        11.6628
ss_09            49           4.6527         9.4187        10.6812        12.4520         9.9424
ss_09            50          30.1189        29.2488        28.8658        33.3959        36.5255
ss_09            51           0.6841        -0.4054        -1.6784         3.7544        11.6883
ss_09            52          25.5907        24.1646        25.5192        25.2661        18.3957
ss_09            53          -8.0314         0.1719         5.9648        10.4493        13.8119
ss_09            54          -6.2637        -1.6235         4.0976         3.7333         4.4950
ss_09            55         -11.2626       -17.7162       -20.4174       -18.5050       -19.9513
ss_09            56          27.5569        32.6306        34.3720        31.7820        24.2878
ss_09            57          -4.5588        -2.7415         0.6393         1.8974         9.7786
ss_09            58         -19.6876       -17.3209        -7.5047        -0.2478        -0.5544
ss_09            59          -1.2066        -0.7309        -0.0134         4.1393         5.7562
ss_09            60          11.1561        12.1653        13.0882        13.0087        10.2038
ss_09            61           9.4997        13.1553         7.3838         4.2599        -1.5455
ss_09            62          -6.1097         0.4466         6.1857        10.8856        16.5195
ss_09            63          -2.8706         2.4441         3.8229         0.5755        -1.2170
ss_09            64          -2.4428        -2.4109         3.3188         6.1899         9.4527
ss_09            65           8.4003         7.4516        12.0708        14.3725        13.4643
ss_09            66          11.8723         9.8022         7.1135         5.2842         4.0249
ss_09            67         -20.8895        -8.9881         1.2031         4.5248         7.0264
ss_09            68          16.3519        20.9066        16.9654        10.9473         6.0166
ss_09            69          -1.5905        -1.0690        -0.3394         2.1086         3.5160
ss_09            70           6.7233        12.7161        16.7345        15.1630        12.0679
ss_09            71           8.5197        12.4595        14.8508        20.5835        22.9402
ss_09            72          -8.9669        -7.4251        -9.4550        -8.4376        -2.1383
ss_09            73          10.8765        19.1166        19.5141        16.4358         8.2838
ss_09            74         -12.9040        -8.5204        -9.3364       -12.7388       -15.1271
ss_09            75           5.6038         7.5443        12.5725        14.2690         9.5973
ss_09            76          32.9698        37.6368        39.5189        36.1717        28.5435
ss_09            77           2.7065         5.8488        13.5191        13.0125        10.6711
ss_09            78           8.2827        11.8655        12.6649        14.5731         7.6061
ss_09            79         -19.2035        -9.1579        -3.3782         0.6770         5.7301
ss_09            80          13.5668        21.8515        22.3882        16.8689         7.7508
ss_09            81           3.0157         8.3273        13.3659        17.4204        17.8679
ss_09            82          24.4247        24.6070        26.7411        21.6553        16.4208
ss_09            83           2.7820         9.0772         9.8392         8.8413         8.1225
ss_09            84         -11.1221        -3.7991        -0.2325         3.1085         5.6426
ss_09            85          -8.5272        -8.4273        -0.0021         7.1245         9.0450
ss_09            86          17.0365        16.7105        21.4060        16.0988        15.1194
ss_09            87           5.4019         3.6365         9.7958        15.1437        17.6710
ss_09            88          21.1092        23.8331        18.2020        13.8992         6.9960
ss_09            89         -10.3153        -7.5503        -5.1529        -5.3134        -5.0391
ss_09            90          12.8084        15.4090        17.3977        18.4793        12.8237
ss_09            91         -20.4700       -20.7865       -17.8411       -10.2036         0.2102
ss_09            92           6.5695         1.5423         4.4904         8.1957        12.4455
ss_09            93          28.3326        33.1320        32.6245        35.1977        33.1780
ss_09            94           0.9892        -0.2091         2.9261        10.2374         8.8000
ss_09            95          29.9526        37.5528        35.5860        31.8717        22.5981
ss_09            96          16.3134        25.2273        25.0402        25.6520        23.9018
ss_09            97           1.0538        -0.2141        -0.9982         2.1223         8.6508
ss_09            98          15.1094        19.7002        21.2962        18.2366        13.2793
ss_09            99          -0.0681         3.0210        13.8370        14.2570        20.9498
ss_09           100           2.2055         2.1296         4.1510         6.5254         9.7631
ss_09           101          12.6225        11.1674        10.0351        11.4161         7.1393
ss_09           102          18.0383        19.6990        23.4482        24.1300        19.5365
ss_09           103         -10.2670        -5.3962        -5.8777        -9.0332       -10.8222
ss_09           104          12.1509        18.5412        24.5936        26.7719        26.7711
ss_09           105           3.6379         8.9746        16.7011        20.6281        20.7527
ss_09           106          15.6445        16.8636        15.2484        13.1967        12.1256
ss_09           107          21.9226        19.1357        22.0893        17.4041        11.8876
ss_09           108          36.1616        43.2045        50.1456        44.0174        38.9271
ss_09           109         -12.5914        -8.3674        -5.2980        -1.4341        -0.0928
ss_09           110          18.0025        17.8034        13.8611         8.2430         2.8917
ss_09           111           6.0266        11.7133        14.3577        15.8674        23.2646
ss_09           112          10.9106        13.7067        16.8488        17.9715        14.5289
ss_09           113           9.3125        12.6052         9.1004         8.4492         4.0430
ss_09           114          23.7864        20.3381        23.9853        28.3334        30.3844
ss_09           115           7.4095         9.1320        10.3275        10.0335         1.8082
ss_09           116          15.5140        20.6875        20.6273        26.2113        31.2020
ss_09           117          14.2274        22.6315        22.8549        26.1053        24.2025
ss_09           118          10.5947        17.1559        20.3360        23.9194        20.2461
ss_09           119           9.3370        17.1055        21.8093        19.5239        12.4008
ss_09           120           7.0943         6.0429         9.3937         9.3970         6.3479
ss_09           121           5.7877         6.5692         7.3601         8.6814         7.1361
ss_09           122          28.0340        36.3920        36.7621        32.8873        26.1159
ss_09           123           1.6634         5.5342        13.9861        11.9260        10.5328
ss_09           124          19.5937        25.2439        29.8362        28.9299        23.8144
ss_09           125          30.4810        36.8804        38.4813        35.9713        30.7050
ss_09           126          16.2239        18.0375        17.8414        20.6062        16.4155
ss_09           127          15.0350        14.1536        13.9793        16.7416        19.2056
ss_09           128          -0.9046        -0.7142        -0.3023         7.2219         2.5901
ss_09           129          12.4680        14.7366        15.3872        16.6574        11.3941
ss_09           130           0.1690         4.1420         1.9397         2.0151        -1.8912
ss_09           131          11.7616        12.3855        10.5909        10.1516         7.9320
ss_09           132          18.0568        21.9627        24.3753        21.2922        18.3389
ss_09           133           5.4724        13.1231        11.8957        12.3956         5.4243
ss_09           134          18.6123        28.5322        26.9933        18.1207         5.8443
ss_09           135          12.3432        16.5678        23.3266        25.2259        27.4980
ss_09           136           4.4239         7.0290        11.6280        10.3823        10.1873
ss_09           137          -2.2441         4.5117        12.1759        21.8156        28.9389
ss_09           138          16.5978        22.5877        26.7506        27.1144        26.2194
ss_09           139          13.1548        18.4260        16.7968        18.4989        22.2344
ss_09           140           4.2034         1.6884        -1.1037         1.3841        -2.0646
ss_09           141           4.3739         6.6252         6.6316         8.7449         7.4497
ss_09           142          -4.7231         5.0118         7.3924         9.7675        11.5673
ss_09           143          -5.7043        -3.1183         1.0824         2.1858         2.7670
ss_09           144           5.3117        10.7363        15.7642        14.5912        13.3055
ss_09           145         -10.5155        -6.3935         2.2012         7.8528        13.8652
ss_09           146           7.4481         8.9650        11.5706        17.3518        18.2456
ss_09           147          -0.9548         3.9489         9.2600        12.3456        14.5759
ss_09           148          10.3118         8.9865         7.1427         4.5949        -1.9067
ss_09           149          11.7649        14.0678        16.6359        19.2944        17.7167
ss_09           150          -0.2300         2.0613         2.4968         3.1844         0.2101
ss_09           151          37.2780        34.8723        35.0191        27.6804        20.4975
ss_09           152          12.8103        12.6876        16.4300        18.6394        19.1150
ss_09           153          13.8268        22.6925        29.3457        34.8738        29.8499
ss_09           154          26.1411        30.2932        32.7813        38.2609        36.5306
ss_09           155           3.9106         7.6925        10.0390         9.1213         9.0289
ss_09           156           5.0325         8.3550        14.5539        14.8541        16.2089
ss_09           157          24.1288        25.7452        18.4789        11.9942         1.0141
ss_09           158          15.6174        17.5148        21.5244        23.2244        20.0740
ss_09           159          14.2238        12.0405         9.8774         7.2332         3.2633
ss_09           160          11.9369        15.1338        12.1600         9.4115         3.1757
