Filename       Segment   T228T268Fz-ASNM T228T268FCz-ASNM T228T268Cz-ASNM T228T268CPz-ASNM T228T268Pz-ASNM
ss_08             1          -1.6234        -0.4897         2.9084         3.9586         8.3985
ss_08             2           7.0593        10.1020        12.1500        13.5663         8.5377
ss_08             3          14.6931         7.4172         5.7203         4.1263         7.6814
ss_08             4          -2.9569        -3.6565        -3.7644        -4.8344        -7.6314
ss_08             5           5.6000        24.2012        13.9116        15.4981        11.9301
ss_08             6          20.5426        21.5413        23.9833        26.3915        25.0554
ss_08             7           4.6819         2.0574         8.6981        10.9340         9.5488
ss_08             8           0.2595         0.5537         4.7546         7.4513        11.7085
ss_08             9          -0.6698         5.5545         9.5291        10.4762        10.9240
ss_08            10           1.6957         1.2963         4.3140         8.5257        10.1281
ss_08            11          -1.7153         0.4213         3.2733         0.0571        -6.2288
ss_08            12          13.6569         7.0985        12.6033        19.0050        17.7175
ss_08            13          18.6674        20.6142        26.5039        33.6878        33.1419
ss_08            14          30.6475        31.4761        27.8063        29.6500        26.7045
ss_08            15          18.1417        24.4400        23.0011        24.1854        21.4518
ss_08            16          28.8450        24.8450        24.9087        18.2347         9.0624
ss_08            17          -1.3577        -2.8336        -5.5382         0.7383         2.8417
ss_08            18          10.9604         7.9847        20.5113        23.3762        20.7195
ss_08            19           0.2683         0.4854         7.0115        11.7301         9.1322
ss_08            20          -0.0561         2.6010        10.0506        10.9898        15.2621
ss_08            21           6.4145         5.8056        11.7173        12.1175         5.1033
ss_08            22           4.3724         9.5648         4.3727         3.9594         3.9831
ss_08            23          16.3992        18.9038        14.9265        15.4250        10.3952
ss_08            24          34.1699        26.2017        22.4880        15.5693        15.1934
ss_08            25           9.2457         5.8803        10.5999         5.7637         7.6067
ss_08            26          16.3532        17.6669        14.9982         9.7892         4.4660
ss_08            27           1.9961         6.9473        13.8862        17.7306        19.1016
ss_08            28          17.1849         7.5613        15.6151        17.6645        16.3745
ss_08            29          20.3696        24.7408        23.6242        19.9048        14.6147
ss_08            30          25.6612        25.0933        24.7053        18.9048        15.8447
ss_08            31           1.2775         4.6026         7.9397        11.4588        10.6869
ss_08            32          16.9489        16.2151        17.0278        14.3175        12.8535
ss_08            33           9.4464        -1.5430        13.4290        11.3263        12.7001
ss_08            34           8.1513         6.9284         3.8188         4.5397         6.9113
ss_08            35           5.7971         2.4345        10.6402         8.8304         4.0311
ss_08            36           4.2908        13.0862         7.5620        11.0532        10.7968
ss_08            37          13.2184        24.0312        27.0426        28.7465        22.7797
ss_08            38          15.5881        24.0831        24.8179        16.6967        11.6124
ss_08            39           4.6830        12.8935        12.7760        14.5523        10.6647
ss_08            40          11.6641         8.8708        12.3392        11.7368         8.9459
ss_08            41          -6.3686        -5.9102        -2.7076         0.8894         2.1674
ss_08            42          12.7297        20.5796        25.3155        24.5461        27.3717
ss_08            43           1.6438        11.2879        10.6323        11.9887         6.6504
ss_08            44          11.2270         9.2555        11.5905         7.0712         2.8719
ss_08            45           1.4631         1.6024         5.5405         9.1650        12.2510
ss_08            46          10.1386        13.7469        12.8604        15.6594         9.1395
ss_08            47           6.5298         4.4598         1.9674        -0.8315        -3.2351
ss_08            48           7.7334         0.1699        -0.3864        -1.4596        -5.2616
ss_08            49          20.6448        25.5842        25.1741        23.4448        17.5622
ss_08            50          -2.3467         0.3285         5.6210         7.0992         4.4252
ss_08            51          11.7344        15.6700         7.5953         4.7623         1.0840
ss_08            52          12.9379        -4.3568        10.4420        12.4558         9.9807
ss_08            53           7.3697         2.1434         4.4804         5.1753         1.9181
ss_08            54          27.9694        27.5323        29.1730        24.9341        18.6457
ss_08            55          21.3539        27.6790        26.5295        26.2564        23.1023
ss_08            56          11.2187         8.8922        12.5698        13.5719        18.4304
ss_08            57          23.3457        33.0567        27.7569        25.1051        22.1859
ss_08            58          12.1936        10.5875         4.8134         3.3819         1.4820
ss_08            59          -3.4828         0.2671         6.3699         9.8092         9.2747
ss_08            60          14.5720        19.3963        19.8551        18.8975        18.7999
ss_08            61          -1.5716        -3.7640        11.7652        16.1872        17.2317
ss_08            62           3.8969        14.9942         9.2322         7.1949         4.8346
ss_08            63          35.8337        32.0935        36.2625        30.4551        26.5434
ss_08            64           3.1128        -6.9026         5.8751         6.7741         2.9879
ss_08            65          17.2706        19.6578        20.2452        21.5953        21.5010
ss_08            66           2.2656         9.8430         6.6785         7.0938         7.6480
ss_08            67           4.1231         9.8540        11.3299        15.6068        12.6933
ss_08            68           8.4824        12.1473        18.2043        18.0139        16.8424
ss_08            69          21.3506        25.1751        31.2125        25.9769        23.8960
ss_08            70          -9.4079        -6.1080        -0.7637         0.8218         0.3906
ss_08            71          19.9307        31.1976        26.5171        26.4716        29.1428
ss_08            72          27.9012        28.4772        36.2053        38.4779        38.0502
ss_08            73          24.9616        24.6603        23.5068        20.9920        15.5017
ss_08            74          -7.5618       -11.8412        -1.5647        -0.9232        -0.7127
ss_08            75          11.5815        12.2650        18.6724        18.3944        15.0107
ss_08            76          14.5301        10.0172        20.5240        21.9649        21.1309
ss_08            77           9.4067        20.8726        22.0020        22.4772        20.3565
ss_08            78          10.8251        17.4333        15.3304        18.7404        16.2601
ss_08            79          16.5882        15.6680        23.8548        25.4643        25.4215
ss_08            80          10.8983         8.7228         8.3645         3.2213         3.9394
ss_08            81           2.7754        12.0298        15.1905        18.9132        16.9059
ss_08            82           7.1049         7.5931         6.3785         9.3726         8.3226
ss_08            83          -7.7373         6.2505        14.4367        21.4263        28.0093
ss_08            84           7.2674        16.7908        17.9602        14.9634         9.1364
ss_08            85          20.0727        21.4887        22.4591        22.5472        21.8872
ss_08            86           8.5167        41.2710        14.5506        11.6992         8.4368
ss_08            87           9.4664        12.6477        16.0143        16.1662        15.9421
ss_08            88           9.7525         0.1210         8.3224        14.6948        19.3681
ss_08            89          10.8582        13.9984         3.6344         5.4939         6.8302
ss_08            90          11.7639        14.0768        15.8647        17.6509        18.8379
ss_08            91          29.7002        25.9367        18.4825        13.3843        13.8273
ss_08            92          -5.0186        -4.6616        -0.8662         3.1695         3.2364
ss_08            93          -4.9673        -0.4685        -1.0198         8.3980        13.0386
ss_08            94          37.1759        25.5395        26.2575        22.0333        18.9050
ss_08            95          14.7466        16.7843        17.7861        21.4819        21.2834
ss_08            96          13.2209        20.1004        24.1677        26.7125        28.6592
ss_08            97          28.2751        33.3939        39.3592        38.8684        32.2375
ss_08            98          -0.7645        -1.6776         1.8824         5.7475        13.4611
ss_08            99          32.2247        39.9579        41.7689        40.1056        36.2210
ss_08           100           3.9495         5.8946        15.3268        23.2766        27.0235
ss_08           101           7.6587        14.4233        24.8071        34.4139        36.1891
ss_08           102          -1.6417         1.0603         5.7855         0.8306        -3.1187
ss_08           103          -7.4699        -1.0732        -0.7242         8.1518         9.3916
ss_08           104          -3.9097         0.5166        10.0657         8.3029         4.8497
ss_08           105          14.3091        19.4218        18.4091        20.1405        17.1642
ss_08           106          -2.1386         2.1774         8.4984        10.9312        11.7776
ss_08           107         -23.6378       -15.9437       -13.9147        -9.1829        -2.9668
ss_08           108          -8.7245        -3.3244         1.6221         1.0951         3.5314
ss_08           109          19.9195        25.1014        23.2994        22.9825        17.0375
ss_08           110         -10.0411        -3.7511         0.4592         7.1609         8.0510
ss_08           111          18.8599        21.8721        29.6250        29.1163        25.3922
ss_08           112           6.9677         9.1152        13.7395        16.1231        14.4464
ss_08           113          12.9802        23.0482        26.3146        19.5757        12.6212
ss_08           114          -8.8860        -6.8635        -4.6838        -3.4754        -1.4718
ss_08           115          23.6151        31.6200        28.1356        22.9889        20.5853
ss_08           116          -6.7866        -3.1613         1.5318         2.0167         2.1387
ss_08           117          17.9302        22.7766        28.6684        35.4741        33.1960
ss_08           118           0.3524         6.1533         4.8459        10.1467         6.9016
ss_08           119          -7.1129         0.6467        -0.9219        -2.1079         0.4701
ss_08           120           9.0772         8.1507         4.5355         4.3559         7.8383
ss_08           121          23.6179        28.3317        27.5779        29.8072        28.5719
ss_08           122          11.5107        13.2185         9.5306         5.4862         4.9900
ss_08           123          16.3407        18.6938        16.9863        14.6614         9.7437
ss_08           124          -6.2863        -5.4281        -0.6306         3.9736         4.8435
ss_08           125           3.8422         2.2978         1.1104         0.0075         3.4995
ss_08           126           5.0811        19.2105        20.7749        25.2650        24.2201
ss_08           127           2.0389        13.7537        18.9558        22.1382        22.2472
ss_08           128          18.8313        16.7896        29.2875        32.7830        32.5079
ss_08           129          13.1940        20.6898        18.9546        23.0101        24.6685
ss_08           130           0.4606         6.0827        16.0576        19.2982        20.6177
ss_08           131          -1.9844         1.7822        10.1378         9.0669         7.3965
ss_08           132          12.1173        13.1776        10.5496         7.1749         3.6288
ss_08           133          17.7642        13.4540        14.0210        13.8260        11.9520
ss_08           134          10.6546         9.4840        11.7101        11.7444        14.0952
ss_08           135           8.6762        13.1717        17.4592        14.4323        15.8329
ss_08           136           1.6716         6.7035        13.3800        19.5061        17.3934
ss_08           137          -5.7073        -1.5467         4.3746         8.8748        13.1400
ss_08           138          22.3370        18.2117        21.7758        18.9309        18.6818
ss_08           139          26.0436        21.9627        20.2975        14.6578        14.6050
ss_08           140          11.2982        10.4775         8.8365         6.7074         6.7461
ss_08           141          15.6610        25.7021        23.3167        20.6094        18.5249
ss_08           142           9.3149        14.3492        12.6559        12.7388        15.8617
ss_08           143           3.6259        12.5544        14.0211        18.0690        14.8868
ss_08           144         -20.7233        -3.8609         4.6443         8.2326        10.7813
ss_08           145           9.2298         9.3891        19.0913        25.5356        27.2791
ss_08           146          -7.6004        -2.5696         0.3964         3.0850         5.6033
ss_08           147          19.0294        24.8828        30.1851        35.2613        31.3569
ss_08           148          24.0661        31.6007        31.5949        26.8207        23.0177
ss_08           149          -4.7201         3.8816         0.6253         2.5696         4.3897
ss_08           150          33.5361        37.9382        36.1765        31.0410        21.4212
ss_08           151          11.1051        18.9207        23.1547        26.2913        25.6504
ss_08           152          11.7069        14.8527        12.0836        12.9447        11.8455
ss_08           153           1.5918         7.7902        12.2006        21.9838        24.6654
ss_08           154           7.9872        -0.5450        -4.3444        -3.0904        -3.6209
ss_08           155         -12.4797        -6.5501        -3.6383         1.2822         3.5919
ss_08           156           0.3149         1.7189         9.4927        10.5180        12.9210
