Filename       Segment   T332T372Fz-ASNM T332T372FCz-ASNM T332T372Cz-ASNM T332T372CPz-ASNM T332T372Pz-ASNM
ss_02             1         -17.9168       -17.6015       -12.9355        -0.8611         0.6810
ss_02             2         -11.2784        15.1321         4.0551       -26.7177       -31.5503
ss_02             3           2.8716       -12.1507        -4.2367         8.3811         2.2887
ss_02             4           -.----         -.----         -.----         -.----         -.----
ss_02             5          20.4033         3.2966        -2.6726       -10.1287       -18.1933
ss_02             6          -2.2921       -11.6326       -11.2508        -2.1247        -4.6925
ss_02             7          14.0988         4.4513         3.8889         3.2341        -5.5376
ss_02             8          11.2698         9.2324         0.9638         1.3946        -9.7355
ss_02             9          10.0079        13.5226         8.9848         9.5577        13.1202
ss_02            10          29.9109        53.8119        -1.6262        16.2975        26.2560
ss_02            11           7.1734         7.1687        11.6565        12.1071        17.9190
ss_02            12          13.2676        16.3496        16.6166        15.7536        14.3912
ss_02            13          -0.7380         0.8860         1.4124         0.2059        -3.2286
ss_02            14          -8.7144       -12.6293       -11.9164       -19.5373       -17.8971
ss_02            15          10.3635        11.0273         9.1921         2.5499         6.7332
ss_02            16          -1.2107        -4.7114         1.4969         1.3302         1.5769
ss_02            17         -12.2569       -12.2619        -2.7294         3.2656         7.0770
ss_02            18           2.2311         1.1648         0.2536        -5.4428        -7.3515
ss_02            19          -0.1176        -3.7620         4.5126        -2.9749        -3.5370
ss_02            20          10.7269        19.9941        14.7324        14.3343        11.5391
ss_02            21           0.0335        15.6762        19.7809         3.2407        -0.4094
ss_02            22           4.5846         9.3451        11.5839        14.6856        10.7574
ss_02            23          18.5178        29.3166        34.4687        32.2560        26.2683
ss_02            24           5.9088         4.5257        15.2144        18.8108        11.1803
ss_02            25           0.5998         8.9267        12.3638        12.1708         4.9052
ss_02            26           3.3827        10.3687        16.2192        22.4964        18.1149
ss_02            27          11.3428        16.2525        23.6897        19.7964        16.6689
ss_02            28          15.2670        15.9173        25.9534        27.2841        24.6371
ss_02            29           0.1031       -15.8098        -9.7723        -6.1418        -3.5187
ss_02            30          28.3969        29.1947        29.8841        24.7327        19.6684
ss_02            31          12.9134        22.5765        22.9500        15.3466        13.8180
ss_02            32           2.9851         1.9829         5.1376       -11.7715       -16.4035
ss_02            33          -4.2294        -1.2103         0.8777         9.7235        15.3631
ss_02            34          16.3355        11.8840        29.7316        32.3894        31.6740
ss_02            35          13.2406        20.2831        21.3292        19.8358        17.9747
ss_02            36          -3.0234        -2.7615         0.3135         4.2551         4.1437
ss_02            37          12.3565        18.8889        22.4485        20.4199        14.8561
ss_02            38          22.0718        29.3423        35.9034        37.6087        36.0276
ss_02            39          -5.0440         4.4025        10.6566        13.6374        15.0033
ss_02            40          14.9115        10.8643        23.4283        39.4783        42.8006
ss_02            41           0.6836        -4.1088         2.8527         2.5266         6.3771
ss_02            42          56.8486       110.2174        88.5470        51.1484        50.1978
ss_02            43           7.8673        16.9144        16.8846        18.2123        16.0928
ss_02            44          -3.9584       -17.0735        -8.6495        10.9373        13.0546
ss_02            45         -20.3580       -60.1067       -32.7808       -13.0319       -11.1434
ss_02            46           7.1457        -6.6448         1.8062        12.4876         6.1377
ss_02            47          16.1364        26.1035        21.2980        20.7250        10.7774
ss_02            48           4.1655         4.0762         0.2924         5.5453         8.7328
ss_02            49          16.6723        24.7948        31.2691        30.2539        26.5244
ss_02            50          17.7284        26.2744        32.2031        37.2839        32.8223
ss_02            51          16.4228        24.5181        24.7394        19.7580        18.8013
ss_02            52           7.1390        49.1609        34.4261         4.5868        12.4537
ss_02            53          28.2454        29.0201        33.5896        32.0929        19.6773
ss_02            54          21.2573        -9.9974         4.2284        26.8628        14.2435
ss_02            55          11.8351       -16.0651        -3.3043        11.2996        12.1979
ss_02            56          13.1573        15.2243        23.5409        22.9256        21.0926
ss_02            57          42.6199        40.3437        32.9714        42.8772        30.3309
ss_02            58          11.0098        10.7479        16.1404        16.3431        16.9463
ss_02            59          18.1113        26.7533        32.9372        32.7306        25.6205
ss_02            60         -12.8095       -11.8184        -2.0243        -2.4511        -0.4353
ss_02            61           6.0986        27.6254        17.8218         8.3725        11.1272
ss_02            62          -0.5416       -16.1012        -9.3740        -5.3215       -12.5276
ss_02            63           3.6543         5.4055        12.0118        11.7330         6.9653
ss_02            64           -.----         -.----         -.----         -.----         -.----
ss_02            65           1.5203         2.1802        16.6312        29.9913        35.4139
ss_02            66           8.8542        12.9134        19.4946        20.7409        18.9664
ss_02            67         -15.4695       -20.7746        -8.2324         1.6607        10.9548
ss_02            68          13.4104        14.9548        18.9708        17.5865        22.0700
ss_02            69           3.2528         3.9204         1.2903         2.4611         1.4120
ss_02            70          -2.4787        -4.0454         0.4177         2.1078         1.4953
ss_02            71          19.4499        27.9896        42.4266        39.0618        38.2020
ss_02            72           8.0278         7.0980        11.6656        11.0229        11.7443
ss_02            73           1.4352         2.2742         3.1398         5.0537         5.6691
ss_02            74          44.0023        66.9020        50.9299        29.7963        25.4142
ss_02            75         -11.7348       -25.2096       -27.6328       -25.6569       -21.1393
ss_02            76           4.4691        -5.0363         1.8188         8.2840         9.7848
ss_02            77          14.6604        19.5437        28.9651        24.0219        14.6052
ss_02            78          22.9594        70.0047        51.3231        24.4746        36.6632
ss_02            79          48.3125        49.4466        38.0969        21.2126         7.9439
ss_02            80          20.7155        22.0889        21.9876        16.4213        11.9026
ss_02            81          35.8666        48.0607        28.2593        12.0265         7.8018
ss_02            82          14.6140         4.3999         5.6997        15.7673        12.1703
ss_02            83          34.9404        24.0383        17.9094        30.2394        18.0786
ss_02            84           6.9395         7.7961         9.3331        13.4055        11.6233
ss_02            85          27.2417        18.4007        22.6247        19.3982        12.2919
ss_02            86           9.2252        13.2934        17.8690        26.1413        29.0642
ss_02            87           3.3179        -2.6690         5.7841        11.1810        15.8706
ss_02            88         -11.6459       -31.0220       -12.4845         7.6893         8.6945
ss_02            89          12.0317        14.8497        11.3072         6.8284         1.2232
ss_02            90          -0.6398        -2.2023        12.1147        18.8163        21.7076
ss_02            91           2.4058         7.7530         7.5225         9.3310         5.2418
ss_02            92          14.2913        11.4259        25.8725        18.4776        10.1718
ss_02            93           0.8318         2.2142         2.7432        -2.3718       -13.1006
ss_02            94           5.4431         4.1782        14.2009        16.9897        13.6010
ss_02            95          14.8762        21.2097        27.2991        24.8485        25.6831
ss_02            96           8.8854        15.3999        16.2237        12.3689        11.7961
ss_02            97          54.3749       127.1406        85.1767        36.8492        28.0556
ss_02            98          34.8409        69.3119        60.9597        38.9780        49.7822
ss_02            99           4.8420         9.7318        20.0029        24.9087        29.1321
ss_02           100           8.4485        15.2264        17.9034        14.3716         6.7612
ss_02           101           9.0446         1.8036        14.3471        22.3618        19.3310
ss_02           102          14.2915        20.1042        25.4493        24.8053        22.7092
ss_02           103           8.9202        12.5115        16.7058        20.3014        15.1119
ss_02           104          15.7164        20.5460        21.3412        18.3476        12.9106
ss_02           105           9.5634        10.0214         7.7557         6.1132        17.4533
ss_02           106          -0.1515        -0.6601        -9.7360       -11.4830        -9.8912
ss_02           107          30.8973        33.5988        40.7859        37.9016        34.8414
ss_02           108           1.7033        -5.9982         4.7084        15.9350        18.9518
ss_02           109          11.7247        13.2888        21.2876        18.8639        12.6404
ss_02           110          25.1844        15.5129        18.0570        21.3412        16.6923
ss_02           111           3.5866        11.0465        20.3702        12.1933        13.7215
ss_02           112          14.5754        20.9731        29.5272        26.6684        24.3692
ss_02           113           6.6709         9.5592        14.1781        18.3464        18.3551
ss_02           114          -6.8336       -21.9091       -24.7516       -16.5134       -18.5354
ss_02           115           3.3367         2.2031        -5.8783       -13.7820       -17.0285
ss_02           116           9.8985        12.0539        24.6009        27.5666        29.4576
ss_02           117          27.6172        40.2619        46.4232        44.8022        36.8789
ss_02           118           3.0675        11.4017         9.6325         7.1907         4.1725
ss_02           119          31.5920        35.6915        45.5039        42.4165        38.7746
ss_02           120           7.8646         4.6736         4.6660         1.2986         5.3350
ss_02           121           2.4836         2.3943         6.9312         1.7117        -0.9645
ss_02           122          14.6798        18.5924        18.3345        13.2891         7.4403
ss_02           123           8.9689        10.7749         9.5050        -3.8960        -8.7742
ss_02           124          15.7097        20.7906        21.3313        16.6821         9.7253
ss_02           125           9.2668        12.6213        11.1385         7.0295         8.6703
ss_02           126          17.1759        24.4902        22.7972        19.9210        20.2654
ss_02           127          10.3176         9.3592        19.4176        21.2079        24.6951
ss_02           128          13.9186        20.0310        24.3923        26.0200        23.9294
ss_02           129         -11.1802       -13.3071        -5.3529        -3.9219         0.4248
ss_02           130           4.3566         8.4948        11.5907         5.9938         3.7083
ss_02           131          10.0071        10.7898        13.6834        23.4336        19.2568
ss_02           132          27.8078        41.7883        49.1239        41.7583        33.4460
ss_02           133           9.7286        14.1274        18.8107        16.4978        15.9976
ss_02           134           8.1586         9.9443         9.2759        15.6630         9.5454
ss_02           135          -3.8999        -9.0892        -3.3621        -6.3159       -13.6749
ss_02           136          -1.3314        -6.4724        -5.7890         0.3133         0.1381
ss_02           137          13.3915        31.8133        35.1903        13.7698         5.9749
ss_02           138           5.6020       -25.9043        -9.6913       -11.6772       -12.7196
ss_02           139          -6.1961        -4.4890         8.7940        18.4091        20.1451
ss_02           140          26.2038        35.1200        42.0189        32.3496        24.6489
ss_02           141          33.5469        41.5373        39.4649        23.5283        17.4544
ss_02           142           2.6334        -0.3727        -0.7940        -0.0107         0.2630
ss_02           143          16.0532        46.0812        55.4608        46.5547        44.2582
ss_02           144          10.9559        16.6419        22.4300        25.2879        22.9240
ss_02           145          20.2029        21.3581        25.0926        21.2224        17.9414
ss_02           146          18.4847        31.7540        35.6039        33.6684        25.5954
ss_02           147          12.9688        19.5801        27.0499        25.1385        19.5310
ss_02           148           4.9221         7.8887         5.9611         6.9392         7.1354
ss_02           149          -1.7214         0.3674        11.3445        15.8659        20.0867
ss_02           150          16.3236         8.9203        11.4174        17.6139        13.0368
ss_02           151           1.0283         4.6610        15.9516        18.7709        17.5937
ss_02           152          -2.3751        -0.0552         6.1442        13.8875        14.4309
ss_02           153          15.9297        19.2548        29.5977        26.4724        26.6957
ss_02           154           8.1882         8.4595        17.4536        17.0342        14.8558
ss_02           155          25.8128        28.3274        22.5984        21.3701        13.0879
ss_02           156          -2.8842       -36.9300       -27.8196         5.1590         1.4835
ss_02           157           7.8216         9.7901        16.7962        19.7719        13.2845
ss_02           158          -4.0734       -11.1201        -5.0103        -0.2653         4.5461
ss_02           159          20.4999        19.8429        26.3080        22.0754        17.9552
ss_02           160           6.3134        11.2279        16.1784        24.0029        17.6723
