Filename       Segment   T220T260Fz-ASNM T220T260FCz-ASNM T220T260CPz-ASNM
ss_16             1         -45.8236       -25.4418       -34.8102
ss_16             2           7.0219         7.2354        -1.4303
ss_16             3           0.5939         2.0042         4.4019
ss_16             4          19.8137        15.8444        14.3845
ss_16             5          -8.8295        -5.7889        -6.0111
ss_16             6          11.7040        14.9685         6.7282
ss_16             7          16.9736        17.5343        14.3278
ss_16             8          13.9108        19.5121        16.7476
ss_16             9          -6.3684        -0.1340        -2.9799
ss_16            10          12.9704        18.4906        12.5327
ss_16            11          18.6772        31.4351        17.7630
ss_16            12          15.8004        15.4332         1.1087
ss_16            13          24.2468        29.2608        22.3941
ss_16            14          -1.7719        -1.8156        -7.0761
ss_16            15           -.----         -.----         -.----
ss_16            16          16.4936        16.4846        13.7858
ss_16            17          11.9597        13.5927         6.1975
ss_16            18          22.3434        27.4940        26.0928
ss_16            19          33.5711        37.7684        29.6735
ss_16            20          -1.2037        -1.6885        -4.3760
ss_16            21          15.4437        19.3378        14.2812
ss_16            22           0.1777         1.1970         3.0887
ss_16            23          19.4121        23.4465        22.0719
ss_16            24          -3.8854        -8.3094         7.7131
ss_16            25          23.9533        25.3055        20.2900
ss_16            26           1.0900         3.0801         6.1579
ss_16            27           -.----         -.----         -.----
ss_16            28          11.0015        15.2676        14.1920
ss_16            29          23.4751        27.7910        24.6854
ss_16            30          13.9000        13.4163         7.8082
ss_16            31           -.----         -.----         -.----
ss_16            32           -.----         -.----         -.----
ss_16            33          13.0520        14.2501         9.7352
ss_16            34          -0.1990         2.9380        -2.6752
ss_16            35          -3.4443        -6.5463        -2.7691
ss_16            36           0.1488         0.8160         3.2752
ss_16            37          14.5623        17.5758        10.7484
ss_16            38           5.7223        10.9834         9.0327
ss_16            39          -4.4238        -2.8547        -5.7296
ss_16            40          12.1535        18.2909        26.7992
ss_16            41           -.----         -.----         -.----
ss_16            42           3.1790        -3.5834        -5.9327
ss_16            43           3.4145         1.6646        -1.2473
ss_16            44          -4.2209         2.0154         0.2761
ss_16            45           1.9248         0.1120        -9.0302
ss_16            46          -4.8295        -8.0792        -1.1517
ss_16            47          15.1401        10.5003        10.0700
ss_16            48           6.4060         5.5599         7.3437
ss_16            49          12.6595         5.5649        -3.9315
ss_16            50          11.7721        12.2748        25.9934
ss_16            51          12.5603         6.8009        -1.8121
ss_16            52          11.1751         6.7564        -3.7223
ss_16            53          31.5790        23.5990         8.9164
ss_16            54          -0.5614         3.2189         6.0618
ss_16            55          21.1274         7.8922        34.4256
ss_16            56           3.1565         5.5681        12.0599
ss_16            57          -0.1609         3.5489         0.5018
ss_16            58          11.8378        15.8530        15.5842
ss_16            59         -17.8787       -19.3819       -29.7061
ss_16            60           2.8106        -0.0487         3.2881
ss_16            61          -8.9539        -2.3116        -0.4526
ss_16            62          -3.6740        -9.0475       -17.5537
ss_16            63           9.8000        16.5367        21.8987
ss_16            64          -6.8654        -0.9123         6.2360
ss_16            65          10.2587         7.8978         3.3525
ss_16            66           7.2104         8.2834        10.3116
ss_16            67         -14.9011       -16.3620       -11.9001
ss_16            68           5.4679        16.1226        24.0054
ss_16            69           5.5520         4.4372         1.2010
ss_16            70           3.0169         2.6355        -2.5947
ss_16            71          -2.3389         2.4157         6.5117
ss_16            72          20.4790        25.8284        16.1980
ss_16            73           2.6890         2.2859         1.6358
ss_16            74           1.7776        -2.9329       -13.7199
ss_16            75         -13.8506        -9.5717        -2.4933
ss_16            76          13.0499         7.3219         6.6121
ss_16            77          -7.2296         0.1523         5.2898
ss_16            78           -.----         -.----         -.----
ss_16            79           0.4884         5.3551         5.8994
ss_16            80           3.8060         6.1788        -0.9480
ss_16            81           1.0954        -1.4787        -3.6611
ss_16            82          19.1487        26.6091        27.4274
ss_16            83          -3.7686        -1.4992        -4.8468
ss_16            84           9.7831        12.6070        11.3185
ss_16            85          -3.5213        -6.3382        -4.8966
ss_16            86          20.0123        24.1361        25.5869
ss_16            87           -.----         -.----         -.----
ss_16            88          21.7237        17.2887         5.7690
ss_16            89          14.2574        18.6467        23.8975
ss_16            90         -11.0973       -12.2997       -11.9526
ss_16            91          -0.3813        -0.0940         8.5253
ss_16            92         -21.6211       -20.1880       -14.7485
ss_16            93          17.6195        14.8745         8.4641
ss_16            94           8.7471         5.9587       -10.3933
ss_16            95          -2.7319        -4.4091       -10.3980
ss_16            96          10.9591        14.8236         6.1658
ss_16            97         -28.1857       -24.9918       -20.9408
ss_16            98          13.8225        19.7045        20.8047
ss_16            99          23.7960        23.9024         8.6601
ss_16           100          -6.6206        -1.7731         5.8862
ss_16           101           2.8214         4.4301         4.6106
ss_16           102          -4.8461        -4.6456        -3.0755
ss_16           103           6.8227         5.5977         4.2552
ss_16           104          -3.6793        -4.5419        -8.2646
ss_16           105          11.1479        14.2524         9.7936
ss_16           106          16.5019        13.3535        14.2528
ss_16           107           3.1313         5.7394        10.8589
ss_16           108           1.6493         6.1148         5.5214
ss_16           109          -1.3119         1.6038         7.2092
ss_16           110          15.2967        14.3272         8.3218
ss_16           111          14.6408        15.4151        22.2638
ss_16           112           7.3931         6.7987        -1.1123
ss_16           113          -7.6128        -8.2995         1.7256
ss_16           114           9.5620        12.6000        15.6433
ss_16           115         -14.6384       -19.9891       -21.7235
ss_16           116           4.7653         3.4623         2.3715
ss_16           117         -13.3686       -13.3438       -16.9708
ss_16           118           7.1545         8.5632        11.4501
ss_16           119          -9.4985        -7.3550         1.6709
ss_16           120         -10.0687        -9.0985         0.5984
ss_16           121           3.7783         3.1322         1.3605
ss_16           122          17.7090        19.4991        11.3057
ss_16           123         -28.5859       -31.2511       -31.9436
ss_16           124           7.6948        13.2463        13.4241
ss_16           125          16.2463        20.3505        13.9737
ss_16           126           6.4236         4.5194        -2.4337
ss_16           127           8.7836         6.8585         5.6955
ss_16           128           0.8176         2.1677         6.5656
ss_16           129          13.8570        19.3316        19.6874
ss_16           130          -2.7893        -7.3893        -8.5565
ss_16           131          -5.3322       -11.4316       -10.3647
ss_16           132          16.2414        20.8637        18.0592
ss_16           133           2.4517         1.9584         7.8902
ss_16           134          -7.4236       -13.7252       -19.2383
ss_16           135         -14.4048       -19.9054       -32.3794
ss_16           136           8.5948         8.0960         6.0822
ss_16           137          -8.2111       -10.7630       -10.9617
ss_16           138           9.3036         1.3550       -10.5737
ss_16           139          20.1996        22.4975        14.5636
ss_16           140         -23.3264       -23.2863       -30.6019
ss_16           141           6.9388         4.5747         2.0912
ss_16           142          26.9805        30.9635        27.3182
ss_16           143          11.2803         3.8867        -5.4037
ss_16           144           7.7292         0.1648       -14.2290
ss_16           145          12.9949        14.1003         9.5069
ss_16           146          15.7019        15.4593        10.0854
ss_16           147          -5.8556        -7.2357        -8.4759
ss_16           148         -18.7397       -16.3103        -4.1281
ss_16           149          -8.9502        -3.8447         4.9229
ss_16           150           2.8027         6.2024         3.7399
ss_16           151         -16.3263       -14.1202        -5.0374
ss_16           152           0.0208        -2.5284        -8.4456
ss_16           153           9.2857         5.5978         5.8038
ss_16           154          16.6546        23.2637        18.4339
ss_16           155          12.6335        10.0629        11.4399
