Filename       Segment   T296T336Fz-ASNM T296T336FCz-ASNM T296T336Cz-ASNM T296T336CPz-ASNM T296T336Pz-ASNM
ss_13             1         -13.5207       -17.5144       -17.4721       -15.2419       -17.5185
ss_13             2           4.4628         4.1058         5.2893         3.6558        -0.0155
ss_13             3           0.1131        -5.6895        -7.4815        -4.1047        -2.7305
ss_13             4         -10.2062        -8.9183        -3.2306         1.8727         8.7435
ss_13             5           7.9255        10.8181         7.7398         5.3234         7.8849
ss_13             6          -1.5774        -1.3142        -0.7648         2.7869         2.1742
ss_13             7          16.9859        18.5814        17.4990        14.4244        12.3526
ss_13             8          -9.7616        -5.2136         1.2194         3.3152         2.9579
ss_13             9          -8.2926        -4.9820        -3.7681        -1.2725         3.0272
ss_13            10           0.7900         1.1283         0.5220         4.5185         7.9449
ss_13            11           0.4195        -0.0599         5.4475        13.1817        14.2692
ss_13            12          10.3103         7.3231         7.2328         6.6015         0.0845
ss_13            13          19.1097        11.4030         9.2054        14.3382         7.3495
ss_13            14          30.0607        24.5987        16.8339        17.7876        11.9867
ss_13            15          19.9000        20.0860        23.1204        23.9801        22.4802
ss_13            16          34.5475        29.0369        24.3487        22.8270        20.1818
ss_13            17          15.2716        19.9638        17.6864        18.1855        10.8408
ss_13            18           4.6275         8.5651         7.3923         6.8774         3.5142
ss_13            19           9.7755        15.8494        18.1732        14.9234         8.3123
ss_13            20          -2.7233         3.1218         5.4905         6.5700         6.2275
ss_13            21          14.0834        13.5900         9.2136        16.6842        13.0223
ss_13            22           3.6587        15.6768        14.1425         5.4696         0.7536
ss_13            23          -0.3821        -4.4286        -9.8287        -8.7265        -9.0959
ss_13            24          14.1147        10.3463        11.0638         8.3825        10.1031
ss_13            25          -2.3288         8.1609        19.0969        17.0031        10.8396
ss_13            26         -18.9806       -15.6856       -15.7304         0.5329         1.9393
ss_13            27          -3.8375         1.5774         8.2823        31.7215        10.0012
ss_13            28          -2.7774         3.5589         3.7297        28.8796         1.5986
ss_13            29          14.1391        14.0304        14.4436        20.5053        16.5066
ss_13            30           7.5647         8.8667        10.8714        14.2744        13.8964
ss_13            31         -20.0942       -23.5870       -21.6816       -25.7330        -4.1303
ss_13            32          -9.0708       -19.4153       -17.3226        -3.1678        -2.6658
ss_13            33          11.2652        16.0745        16.8100        10.7399        19.7466
ss_13            34         -27.0766       -20.0899       -13.8164         0.0764        -2.2972
ss_13            35           3.4771         7.8318        11.8706         4.5532         2.5530
ss_13            36         -15.5352        -9.2730        -9.0038       -19.2268        -3.2448
ss_13            37           8.3682         8.4359         5.4291        13.2003        12.8962
ss_13            38           8.1897        11.2203        14.0187        13.9066        10.9874
ss_13            39          -5.4535       -12.9918       -14.1977        -4.2859        -3.1364
ss_13            40           5.9150        10.9279        19.5241        24.2665        23.1565
ss_13            41          -3.1389         2.6870         6.4311         7.1433        18.0527
ss_13            42           6.1438        11.3413        11.3687       -11.0426        -4.1977
ss_13            43         -14.8566       -13.2504       -10.2300       -10.0669        -9.2574
ss_13            44          21.6765        33.9918        33.2595        25.0529        15.0996
ss_13            45           8.1872        20.3926        18.9728        26.4602        17.7364
ss_13            46          27.0257        29.6449        24.4576        25.7834        19.6126
ss_13            47          24.0262        24.2884        25.9128        15.9350        29.2760
ss_13            48          10.8171        21.9911        22.5910        24.4810        20.2828
ss_13            49          -7.2074        -5.8162        -0.9315       -17.1702        -3.1047
ss_13            50          17.0225        22.6973        22.8293         8.7668         9.9103
ss_13            51          19.9215        10.2372         6.0193        21.3389         2.8147
ss_13            52          -7.7817        -7.6677       -11.7929        -9.4791        -6.7224
ss_13            53          19.3959        14.0090         9.0277        13.3068        12.8392
ss_13            54          25.1289        29.0386        21.8785        17.5348         6.4620
ss_13            55           8.7523        15.3901        19.6447        19.7033        17.4079
ss_13            56           6.7278         8.1107         4.1914        -3.0870        -6.5961
ss_13            57          13.9853        22.7127        27.7103        17.0639        22.9085
ss_13            58          10.8257        17.2116        17.6493         4.3739        12.3180
ss_13            59           4.1147         8.3958         7.7850         4.2108        -2.7551
ss_13            60           6.3223        -0.0894        -1.7910        18.8731        -2.4903
ss_13            61           2.3351        10.2656        11.6100        10.1347        10.2675
ss_13            62          17.8647        23.4744        25.7608        18.8216        18.6154
ss_13            63          -2.6766         2.4190         6.7479         6.6637        18.1905
ss_13            64          12.0211        11.1474        11.0092        12.7542         5.1985
ss_13            65          12.3782        16.9866        17.4854        16.2783        26.0377
ss_13            66          11.9512         6.6289         1.0235         7.2395        -0.0025
ss_13            67          31.0450        36.0035        38.7965        29.6243        23.5412
ss_13            68         -16.3754       -24.6347       -23.8158       -10.7463       -11.9403
ss_13            69          12.8321        16.6686        18.3349        20.6496        22.7121
ss_13            70          15.7881        24.8973        27.7490        27.6897        29.6031
ss_13            71           2.5017         6.6270        10.1580         4.9789        15.3062
ss_13            72          13.8716        15.1520        19.4853        27.0797        24.9664
ss_13            73          44.0913        41.5114        27.9742        35.3965        19.3185
ss_13            74          -0.6993         1.9213         7.6434         4.4083        10.5530
ss_13            75          -9.2747        -1.9046         4.7376         5.8647        21.4926
ss_13            76          -8.9863        -2.7194        -4.5342         0.9307         3.5283
ss_13            77         -10.6699        -2.4676        11.0186        32.1711        15.8296
ss_13            78          26.6184        26.4992        28.9729        28.1556        29.2943
ss_13            79         -20.2670       -19.8813       -15.7100       -13.0809       -11.6478
ss_13            80          -4.3810        -3.2312        -1.5171        -0.1943        11.6342
ss_13            81          22.0926        27.2545        29.2178        22.7477        26.5532
ss_13            82          13.5150        19.3218        16.9121        20.1387        12.5861
ss_13            83          -3.2727        -2.1797         3.5842        12.1336         5.0505
ss_13            84          -6.6886        -5.9255        -2.3038         0.1190        -4.2676
ss_13            85           2.6262         8.6310         8.0871        12.8599         9.5898
ss_13            86          -2.6236        -7.9222       -11.0848        -7.2680        -5.1909
ss_13            87          16.6410        14.9806         2.8690         1.9486         7.1288
ss_13            88          16.8343        14.9209         8.6984         3.5211        -1.5242
ss_13            89           9.0458        11.0730        13.9854        19.3556        17.0791
ss_13            90          17.2838        22.0311        24.4560        25.1154        23.0664
ss_13            91          11.3977        19.7905        26.1618        18.0225        22.1356
ss_13            92          17.2035         7.2841         7.0889        14.8510         9.9873
ss_13            93          -1.5765        -6.0824       -11.3087       -16.8466       -17.5782
ss_13            94           7.0024         6.8154         4.9856         9.3101        12.9945
ss_13            95          19.2440        15.5377        15.1940        21.3496        20.0540
ss_13            96           9.9486         7.1144         6.1616         1.2497         2.7766
ss_13            97          18.9980        16.3607        16.8935        12.3758        15.7661
ss_13            98           4.9453        -1.3777        -1.1642        -0.9018         0.1127
ss_13            99         -10.1879        -5.3989        -4.8132        -5.5483        -7.4366
ss_13           100         -19.6564       -18.9182       -12.2559        -6.3669         0.7316
ss_13           101          18.0380        13.0220        10.9637         7.0554         1.9246
ss_13           102           4.8232         5.8568         7.6189         6.0029         4.0692
ss_13           103         -10.2815       -13.1556       -16.5966       -19.1210       -20.3767
ss_13           104          10.3397         9.1551         7.9107         6.7460         8.7916
ss_13           105          17.4308        24.7676        26.8955        30.5581        26.2584
ss_13           106           5.2970         2.6012         3.1323         3.9546        -7.1451
ss_13           107          11.6647        18.1769        19.8661        20.8134        17.7496
ss_13           108          -5.0193        -3.0981        -6.6350         1.2280         0.2832
ss_13           109          10.1532        20.8321        23.6381        17.8103        10.9732
ss_13           110          10.9835        10.1758         8.0141        10.9451        20.1258
ss_13           111          14.6010        19.7271        18.8811        10.5139         6.5438
ss_13           112          14.9168        19.3967        23.4715        25.0625        26.0356
ss_13           113           1.3959         2.7567         7.9219        11.6780        11.2423
ss_13           114          -7.1253        -9.9273        -7.7258        -8.2928        -7.6317
ss_13           115          -0.8359         1.2855         7.6015        14.5001        18.6570
ss_13           116          11.9721         4.4961        -4.6003        -2.2343         6.4721
ss_13           117          10.4166        15.1067        16.9661        20.7588        19.0808
ss_13           118           9.1249        16.5559        17.9997        23.4270        22.1708
ss_13           119         -20.3428       -16.6304       -15.0603       -10.7790        -6.0130
ss_13           120          15.9657        18.8721        18.2145        11.2102        11.4309
ss_13           121         -26.7177       -25.8268       -17.7768       -12.2835        -6.2679
ss_13           122         -17.9590       -24.0540       -24.7881       -13.0412        -6.3087
ss_13           123          10.4923         8.2410        12.3090        10.9700         9.9843
ss_13           124           7.1264        12.1461        14.7539        20.3894        19.2038
ss_13           125          11.7876        18.6880        23.1756        22.7378        22.0276
ss_13           126         -12.9354       -10.3289        -2.5674        -2.7734        -1.8867
ss_13           127          30.3766        22.9343        14.5538         9.7395        10.1740
ss_13           128          -1.7010         1.8360         4.7720        13.2497        17.5059
ss_13           129           1.9090         9.0140        13.3476        12.8563        10.8307
ss_13           130           1.8818         4.2438         6.0601         7.4836         9.8590
ss_13           131          16.7770        14.2332         5.1960         0.5128        -5.9983
ss_13           132           6.2651         8.0467        10.2269         5.8797         1.6718
ss_13           133           4.5315         0.0674         6.0582        10.4526         9.3764
ss_13           134          -0.6571         3.5621         1.6850         5.8817         6.4382
ss_13           135           6.9412         7.4935         6.2135         4.7208         5.5376
ss_13           136           7.0264         8.2578         2.6495        -6.3040        -6.3926
ss_13           137          18.6426        21.8951        24.1375        18.5789        13.5612
ss_13           138          10.2708         8.0090        12.5332        17.4816        12.8593
ss_13           139          -1.0372         4.1043         5.8131         5.3768         6.4777
ss_13           140          -3.9503        -2.1533         1.1419         0.1557         4.3437
ss_13           141           8.3945        12.3018        12.6151        11.7052         6.7024
ss_13           142          -2.4390         3.6487         3.3674         4.9493         6.5478
ss_13           143          -3.8823         0.1461        -0.8085         6.8581         5.7825
ss_13           144         -17.8959       -13.2589        -6.4078        -2.0475         0.5755
ss_13           145          20.6622        20.2147        18.1273        18.3214        17.7980
ss_13           146           4.4653         8.6590         5.9780        10.8858         6.4525
ss_13           147           5.6759        10.3922        13.0390        11.7624         9.8294
ss_13           148          -5.1251        -0.7756         2.5507         4.8028         5.4426
ss_13           149          -9.8000        -6.1432        -8.5532       -10.4616       -11.4936
ss_13           150           3.1521         1.8068        -1.1255        -2.4595         0.7523
ss_13           151          12.4689         6.3594        10.0494        13.8025        18.4406
ss_13           152           1.1367        -1.3850        -6.8807        -8.9647       -14.5347
ss_13           153          17.6657        16.5302        11.7933         8.8375         5.5589
ss_13           154          12.2024        15.2959        15.6324        16.0918        18.3502
ss_13           155           3.6078         1.0666         0.8977         2.5089         2.4163
ss_13           156          -3.6352         2.0993         6.3923         6.5268         1.6545
ss_13           157          -5.4075        -5.0505         1.8605         7.7489         8.0423
ss_13           158           4.3324        13.4191        15.2373        14.9242        15.3205
ss_13           159          20.6189        16.4942        11.9978        13.9413        12.9530
ss_13           160          11.1134        15.7771        15.9485        15.2743        12.9606
