Filename       Segment   T240T280Fz-ASNM T240T280FCz-ASNM T240T280CPz-ASNM
ss_16             1         -48.9056       -26.9199       -36.9969
ss_16             2          -6.3423        -7.6637        -9.8106
ss_16             3           6.6532         6.5156         7.9170
ss_16             4           9.0698         1.2774         0.7017
ss_16             5          -8.9197        -7.9462       -15.5458
ss_16             6          15.9846        17.4170         7.2845
ss_16             7          14.0754        17.8273        18.3333
ss_16             8          11.0805        17.0388        20.7851
ss_16             9           5.2323         9.8370         2.2334
ss_16            10          12.9026        20.2413        15.6329
ss_16            11          19.7461        33.2509        16.0947
ss_16            12          16.0787        15.5794         5.3221
ss_16            13          15.7561        23.3625        21.1330
ss_16            14          -8.2809        -6.6923        -8.4439
ss_16            15           -.----         -.----         -.----
ss_16            16          14.8369        15.8991        20.6148
ss_16            17           1.1717         6.5985         7.6720
ss_16            18          16.7679        22.7160        27.5088
ss_16            19          22.7576        28.0246        26.6794
ss_16            20          -4.8824        -5.8878        -8.6793
ss_16            21          12.9648        15.9561        13.1399
ss_16            22          -6.4246        -5.6771        -1.7553
ss_16            23          23.1208        28.1728        28.8866
ss_16            24         -10.2488       -16.2401         1.0503
ss_16            25          20.2532        22.7901        22.1962
ss_16            26           1.2279         3.8380         6.5006
ss_16            27           -.----         -.----         -.----
ss_16            28           4.8499        10.0947        11.7295
ss_16            29          22.4385        26.5249        24.2759
ss_16            30           5.3783         5.4476         5.7210
ss_16            31           -.----         -.----         -.----
ss_16            32           -.----         -.----         -.----
ss_16            33           4.0131         6.7749        12.1208
ss_16            34          -4.8130        -3.3419        -7.4364
ss_16            35          -8.6605        -7.1447         0.9663
ss_16            36          -6.5074        -5.4022        -3.0047
ss_16            37           2.7027         5.8686         3.6457
ss_16            38           8.4894        14.4723        15.2174
ss_16            39          -7.1779        -6.4325        -9.6871
ss_16            40           5.8471        12.7948        26.5345
ss_16            41           -.----         -.----         -.----
ss_16            42         -10.8103       -21.2635       -22.9444
ss_16            43          -0.9672         0.8547        -0.0928
ss_16            44          -7.4714        -1.9714        -2.3813
ss_16            45          -0.3998        -2.5730        -9.5654
ss_16            46         -12.1621       -11.8925         0.4124
ss_16            47           6.9134         2.6122         9.0096
ss_16            48           0.7233        -1.0829         2.5319
ss_16            49          10.7847         2.1945        -5.7712
ss_16            50          15.5800        14.9334        30.4017
ss_16            51           1.8299        -1.0418        -5.6471
ss_16            52           7.3657         1.8566        -8.2634
ss_16            53          32.2062        24.1663        11.7825
ss_16            54          -4.6778        -2.7829         6.9584
ss_16            55           9.0113        -5.1105        25.5171
ss_16            56          16.2255        11.2970        11.8825
ss_16            57         -10.9353        -5.4821        -2.4109
ss_16            58           7.0522        12.0657        17.5508
ss_16            59         -18.6161       -18.5970       -28.0102
ss_16            60          -1.6759        -1.9206         5.7080
ss_16            61         -14.2997        -7.1331        -2.6444
ss_16            62          -4.2665        -8.6528       -16.6161
ss_16            63          16.4639        22.4907        25.6333
ss_16            64          -7.8052        -3.1520         0.6595
ss_16            65           3.4604         1.8459         1.0321
ss_16            66           7.2297         8.6028        10.6689
ss_16            67          -8.9822       -12.3428       -10.5595
ss_16            68           1.7127        12.5731        25.5924
ss_16            69           6.6689         6.3881         3.1936
ss_16            70          -0.8874         1.3397         1.9166
ss_16            71          -0.6779         4.8624         9.7525
ss_16            72          10.1796        16.8212        11.8107
ss_16            73           0.4828         0.5055         0.2303
ss_16            74          -8.0050       -11.8591       -22.1857
ss_16            75         -18.5539       -16.0576        -4.3822
ss_16            76           9.5698         4.8758         7.7607
ss_16            77         -10.6746        -1.2073         9.6062
ss_16            78           -.----         -.----         -.----
ss_16            79          -7.5017        -2.0769         1.5653
ss_16            80         -10.5727        -9.0985       -13.1164
ss_16            81          -7.0723        -8.6444        -9.8880
ss_16            82          14.5577        22.2934        27.6148
ss_16            83          -5.7964        -3.2637       -11.6572
ss_16            84           4.8305         6.8885         2.6898
ss_16            85          -3.8748        -6.4501        -5.1445
ss_16            86          14.0762        18.8127        23.0990
ss_16            87           -.----         -.----         -.----
ss_16            88          20.6226        16.4700         5.3786
ss_16            89          20.3880        22.8632        27.0820
ss_16            90          -8.7366       -10.5440       -11.5712
ss_16            91           2.7941         6.3177        19.7576
ss_16            92         -34.1881       -30.8516       -20.4575
ss_16            93          18.7391        18.8350        17.3861
ss_16            94           4.6104         3.7279        -9.9779
ss_16            95           0.8255        -2.3698       -13.3983
ss_16            96          10.2277        13.7445         8.0828
ss_16            97         -33.2204       -30.2939       -21.2729
ss_16            98           4.8589        13.2068        20.1978
ss_16            99           5.2114        10.3344         6.0510
ss_16           100          -6.3828        -2.4860         6.3898
ss_16           101          -1.2935        -0.9498         1.1504
ss_16           102          -0.2166        -1.9824        -1.2202
ss_16           103          -2.0468        -1.2732         6.1533
ss_16           104          -9.3228        -9.9346        -7.3410
ss_16           105          -0.6077         1.9112         0.2586
ss_16           106           3.9689         1.1848         2.3921
ss_16           107          -1.9218         0.5218         6.4056
ss_16           108          -5.6961         1.5653         5.6030
ss_16           109          -5.7871        -3.1867        -1.9864
ss_16           110          13.2216        13.7513        10.0655
ss_16           111          15.5749        16.9957        21.0617
ss_16           112           5.4084         5.6767         1.6806
ss_16           113          -5.7983        -8.1707        -5.0759
ss_16           114           7.7698         8.3162         9.0426
ss_16           115         -17.5440       -21.0133       -18.8041
ss_16           116           1.7123         0.8011         1.3074
ss_16           117         -16.2378       -18.0011       -21.4940
ss_16           118           4.1078         7.3077        17.4978
ss_16           119         -12.1141        -9.4128         0.1730
ss_16           120         -13.5527       -13.0467        -1.7849
ss_16           121           1.2522         1.6803         0.1067
ss_16           122          15.6554        17.7068         9.9343
ss_16           123         -31.3530       -31.6250       -24.3941
ss_16           124          11.9422        16.1104        12.5516
ss_16           125          18.4208        22.9973        19.7211
ss_16           126           0.3564         0.0006        -1.9779
ss_16           127           3.9036         4.1269         7.5100
ss_16           128          -3.0286        -3.3803        -0.1188
ss_16           129          19.0990        25.5225        25.7037
ss_16           130         -13.2032       -18.7468       -19.5424
ss_16           131          -1.1671        -8.2122        -4.8047
ss_16           132           6.6632        10.8760        14.2249
ss_16           133          -0.6687        -1.0130         5.4255
ss_16           134         -14.2472       -20.5500       -28.1167
ss_16           135          -8.8594       -14.2637       -27.8405
ss_16           136          10.2015         9.7632         8.9166
ss_16           137          -1.4410        -7.4536       -13.5130
ss_16           138           6.4014        -0.3716       -11.5170
ss_16           139          13.4883        12.6971         6.1198
ss_16           140         -22.2717       -22.4432       -31.9419
ss_16           141          -1.5919        -3.0798        -3.4579
ss_16           142          18.4069        25.0272        26.7385
ss_16           143           2.9471        -2.8707       -13.6574
ss_16           144           4.9144        -1.3478        -6.9065
ss_16           145          10.0085        11.8686        10.6707
ss_16           146          10.6691        11.1604         4.9926
ss_16           147          -6.2848        -7.5512        -8.5516
ss_16           148         -23.8686       -19.4116        -4.0959
ss_16           149         -14.1887        -9.2616         5.2875
ss_16           150           2.2414         6.6831         7.0545
ss_16           151         -15.8321       -13.9534        -5.6361
ss_16           152          -8.8837       -11.6180       -14.8062
ss_16           153           7.6805         4.6903         6.2047
ss_16           154           6.0947        12.0189         9.6541
ss_16           155           8.1833         4.3625        11.4639
