Filename       Segment   T256T296Fz-ASNM T256T296FCz-ASNM T256T296Cz-ASNM T256T296CPz-ASNM T256T296Pz-ASNM
ss_15             1          -3.0762        -1.1909         0.5459        -5.0170        -4.5607
ss_15             2          -6.0049        -1.0879         7.1088         1.5021         2.2874
ss_15             3          27.8676        26.2712        24.3756        22.5340        18.9933
ss_15             4         -16.0917       -16.5337        -8.1083        -9.6252        -3.3430
ss_15             5           2.5970        -0.9740        -8.4897       -11.8683       -10.9967
ss_15             6         -11.8397       -11.1436        -2.7824        -4.9889        -1.0715
ss_15             7          15.8162        19.2471        10.0386         4.8862         8.2054
ss_15             8          20.8745        20.5734        14.8704        10.4753         7.7100
ss_15             9          -0.5072        -0.0110        -2.8518         0.3354         1.9227
ss_15            10           4.8860         4.2850         3.9541         9.2469         9.7673
ss_15            11          -0.3235         1.1427         1.6286         1.9858        -0.8739
ss_15            12           3.5219        10.3725        11.3650        12.8854        14.7309
ss_15            13           2.5992         1.9158         4.0031        10.5263        12.6942
ss_15            14         -13.1248       -11.0472        -7.3759       -13.0589        -7.6086
ss_15            15          12.3478         7.9440        -0.6924        -5.9349        -3.5690
ss_15            16          -5.2178        -7.6273        -4.3961        -3.4804        -0.7375
ss_15            17           0.7825         3.7325         3.7383         2.0090         6.6725
ss_15            18          13.2859        15.8088        23.3204        24.8183        25.9715
ss_15            19          30.5671        29.8268        22.0967        20.1431        17.1858
ss_15            20          -2.2232        -3.9228        -5.1228        -2.2327        -3.2074
ss_15            21          14.9159        13.8080        10.6663        16.4430        19.2190
ss_15            22           4.2187         4.1787        15.1955        18.1886        18.4260
ss_15            23           7.8234         6.4546         7.6136        12.0055        11.3012
ss_15            24         -30.2435       -29.4998       -23.5641       -15.3675       -13.0743
ss_15            25           3.8638         0.5863        -0.2516        -6.0451        -3.6798
ss_15            26           1.3304        -1.1474        -0.5526        -5.9898        -6.2188
ss_15            27         -12.9706       -10.8201        -8.6731        -3.8497        -3.1846
ss_15            28          -8.0432        -4.1855         2.8994         7.8431        13.2146
ss_15            29          22.9148        25.7210        40.5356        46.2925        41.8939
ss_15            30         -18.7885       -23.4686       -16.6627       -10.8160        -3.8903
ss_15            31           2.3975         2.2830         0.9723        -3.3447        -5.7775
ss_15            32          28.4645        32.2281        36.9780        34.1316        25.2644
ss_15            33         -11.9204       -11.0880        -6.4532        -6.1120        -1.9160
ss_15            34          22.1218        22.8491        29.5894        33.6107        28.5220
ss_15            35           0.3782        -6.5885        -9.2805        -9.3359        -8.6372
ss_15            36         -31.1600       -25.5328       -15.8911        -8.2491        -3.0274
ss_15            37           -.----         -.----         -.----         -.----         -.----
ss_15            38         -20.9953       -17.3130       -11.6462        -1.6812         1.8213
ss_15            39          -7.4676        -8.0447        -3.5157        -1.8959         2.1978
ss_15            40           1.5843         5.5396        10.0952        10.1377        10.1528
ss_15            41         -14.6048       -12.9684        -3.7537         2.3356         6.0813
ss_15            42         -19.4607       -19.1412       -11.9123       -12.4106        -9.9604
ss_15            43          14.9234        15.6443         9.8884         6.6621         3.5005
ss_15            44          17.4637        21.7041        27.4210        29.2478        29.1602
ss_15            45           7.6547         3.8972        13.0629        19.0902        17.1513
ss_15            46          14.0234        18.2778        13.8392        12.7322         5.5991
ss_15            47         -11.6334        -9.1581         1.5037        -0.7571         4.2563
ss_15            48          -7.6925        -8.3319        -4.4423         3.0807        12.1797
ss_15            49          -1.0387         3.9874         2.9096         1.9425        -0.6419
ss_15            50           3.9287        -1.5892        -0.1152        -0.9928        -5.4365
ss_15            51          -8.4293        -6.4822        -4.4203        -4.1761        -6.5150
ss_15            52         -15.5329       -10.4124       -11.8772       -13.4885       -11.3574
ss_15            53          17.3462        19.2605        29.8982        30.9469        23.5235
ss_15            54          19.3281        20.2421        20.8279        21.1853        18.6731
ss_15            55         -16.6680        -6.6249        -4.2629         6.7992         9.0864
ss_15            56           3.4168         5.6864         4.0979         0.1665         1.8111
ss_15            57          -6.0547        -8.6932       -10.6435        -8.2368        -5.1105
ss_15            58          31.9734        32.8974        35.4729        26.7218        19.8700
ss_15            59           3.0054         3.6742         4.4831         6.3209         3.1928
ss_15            60          14.9102        15.1583         6.8231        -5.0935         1.4684
ss_15            61         -18.7017       -10.0429        -3.4225         5.2432         7.0351
ss_15            62         -11.6459       -13.2364        -4.6327        -5.8659        -7.3587
ss_15            63         -30.7457       -15.1118       -13.2522       -12.7257        -4.7159
ss_15            64         -36.5209       -22.7878       -12.1499        -8.7612        -5.6614
ss_15            65         -11.2940        -9.8968        -7.6280        -0.7471         3.5974
ss_15            66          11.7459         8.8250        11.9308        15.5193        10.2126
ss_15            67          12.3084        15.0566        24.6620        27.5601        28.2524
ss_15            68          24.6054        28.6769        28.9275        29.7613        24.4597
ss_15            69          -6.3683        -8.8342        -6.8755       -16.5887       -15.1232
ss_15            70          15.6789        19.9243        28.4362        32.8405        31.4423
ss_15            71          21.2659         0.9358         3.9574        10.8794        -2.5411
ss_15            72         -10.4448        -9.8681        -4.0186        -6.8003        -3.5193
ss_15            73         -11.0577        -7.5920        -2.1682         1.0941         4.8579
ss_15            74         -15.2621       -14.9542       -11.7358        -5.7245         0.2293
ss_15            75          -4.6966       -10.9723       -11.1110       -17.0758       -20.3621
ss_15            76           0.6057         6.4119         8.7047        16.2617        18.8518
ss_15            77          12.9196        20.4300        25.9194        28.0469        22.5133
ss_15            78         -17.8243       -18.8518       -13.8347       -10.2467        -9.5377
ss_15            79         -19.2913       -13.5471        -2.4468         3.4648        13.0279
ss_15            80          -0.0743         1.0797         5.0309         4.5620         1.2705
ss_15            81          23.4482        25.3279        27.6258        22.4689        20.0172
ss_15            82          12.0329        11.7487        13.7591        21.0231        17.5331
ss_15            83           0.2501        -2.0644        -4.8211        -1.0319        -0.4962
ss_15            84          24.5977        30.2946        24.2382        14.9618        14.8910
ss_15            85          10.8528         0.8778         0.3254        -4.9256       -15.3411
ss_15            86          -5.2039       -11.5918        -6.2518        -6.2036        -5.8403
ss_15            87          -7.1538        -4.7762        -2.3957        -2.9004         3.0679
ss_15            88          19.8522        20.2881        26.4974        26.7333        21.1006
ss_15            89           6.8541         3.8731         1.3028        -1.3913        -3.6130
ss_15            90         -25.5689       -22.8053       -18.0506       -13.6757        -5.7865
ss_15            91           8.1173        20.5951        24.2043        28.0700        28.3658
ss_15            92          21.1106        25.0213        32.6220        35.3729        26.5354
ss_15            93          29.4054        18.5032        15.0346        13.4255        12.0636
ss_15            94          33.8633        30.0671        26.6885        21.3544        13.9234
ss_15            95         -24.0349       -13.0400        -6.3204         1.5886         9.2246
ss_15            96          19.4784        22.3409        27.8436        26.4486        28.6847
ss_15            97          79.1257        73.1449        67.4974        64.1011        51.1336
ss_15            98         -14.3155        -8.6231        -7.2116        -5.6737        -6.2066
ss_15            99          -2.8737        -4.1754         4.5194         8.0466        14.4076
ss_15           100          11.8527        16.2737        17.0465        13.5411         9.5287
ss_15           101           9.8568         7.8981         6.3936         9.8480         7.7977
ss_15           102           5.8334         5.3358         7.3509        10.2132        14.5279
ss_15           103          21.6647        29.7005        35.7969        39.5978        36.7987
ss_15           104          17.0690        18.9677        19.7423        12.4574        12.4222
ss_15           105           6.1666         6.2152         9.9701        14.3516        15.7439
ss_15           106         -28.8701       -28.5704       -20.9829        -9.1503        -5.7031
ss_15           107           7.5279        12.9050        14.6242        15.2905        10.0402
ss_15           108          26.1542        33.1231        35.0903        31.6042        26.9476
ss_15           109         -12.0163       -19.3093       -21.3779       -32.6456       -32.1174
ss_15           110          33.4936        30.4935        28.8943        25.0655        19.9619
ss_15           111          20.1050        27.2403        25.5547        19.8493        18.9822
ss_15           112          11.5964        16.4294        21.2130        19.7366        15.4527
ss_15           113          10.8883        21.4324        36.1428        42.9619        40.6935
ss_15           114           6.4250         3.4882        10.0586        12.8787        10.5907
ss_15           115          -4.2638        -1.4475         2.1475        -0.4506         3.7812
ss_15           116         -14.0301       -15.4744       -12.9303       -15.0943       -14.6652
ss_15           117           0.1713        -1.0825         1.2834        -0.6721        -4.6008
ss_15           118         -16.7632       -18.1350       -19.3898       -16.6618       -11.3594
ss_15           119          13.5550         5.0627         3.9650         0.9613        -1.6045
ss_15           120         -38.3938       -31.4189       -22.4031       -14.4149       -13.6326
ss_15           121           5.6050         6.0069         8.3341        10.0724        12.5307
ss_15           122           5.8257         6.4353         8.1971         6.0437        -1.5443
ss_15           123          25.1915        31.9542        32.1762        30.0859        27.8876
ss_15           124          45.1072        31.8017        23.8753        26.7826        23.9644
ss_15           125          18.8759        24.3926        21.4594        11.0927         4.9430
ss_15           126         -30.3042       -27.4587       -21.1231       -14.3212       -10.4288
ss_15           127           0.0709        -5.0806        -0.7818         4.2565        10.0607
ss_15           128          29.8694        33.7888        26.0160        22.0896        25.0304
ss_15           129           0.4395         3.6447        10.8536        19.4465        13.7780
ss_15           130          -7.9463       -10.6145       -14.2982       -10.7920        -8.3008
ss_15           131         -19.0289       -22.1367       -21.2413       -16.5973        -8.5092
ss_15           132           6.1907         7.7950         3.6581        -0.4837        -1.2299
ss_15           133           1.7531         4.6214         7.3640        10.0201        10.4845
ss_15           134          -2.2153         4.0537         9.7398        13.2577        15.9733
ss_15           135           2.9692         7.6622        12.1571        24.6893        25.0984
ss_15           136           1.8283         2.0917         4.7093         6.0415         2.4494
ss_15           137          41.3554        44.0496        44.3499        45.6211        43.1217
ss_15           138          21.0890        22.4644        23.1639        22.1680        17.0726
ss_15           139          -8.1959        -5.8795        -2.5166         5.1141         4.3872
ss_15           140          25.7447        33.0322        30.0812        26.6501        29.8211
ss_15           141         -25.4638       -27.2042       -25.8024       -23.4406       -21.6418
ss_15           142          19.6279        21.7072        21.0330        21.0998        23.7990
ss_15           143          23.2451        21.9259        22.7446        21.5790        21.5174
ss_15           144          -2.6532        -6.6996        -2.3817        -0.8835        -0.8366
ss_15           145           3.6585         1.5121         3.6032         1.0215        -0.8962
ss_15           146           7.3140         5.7962        10.9525        10.9194        11.4764
ss_15           147          13.7621         9.4959         7.0239         1.4974        -5.0996
ss_15           148           2.8596         2.4680         1.7151         5.9189        12.2580
ss_15           149           5.3356         4.1101         4.1380         0.8834        -2.3490
ss_15           150         -18.3759       -17.6975       -16.3488       -15.1453       -15.9990
ss_15           151          16.3187        16.6365        16.1872        11.2393        10.2520
ss_15           152           4.6313        10.8163        19.1708        19.2944        17.6422
ss_15           153          22.2161        19.4123        16.9673        19.5612        12.6721
ss_15           154         -19.7601       -16.8315       -13.3154       -12.6420       -10.5321
ss_15           155          -5.4420        -3.8758        -1.0347        -1.5007         0.9277
ss_15           156           8.1290        10.3909        10.7861        19.4504        14.9862
ss_15           157           -.----         -.----         -.----         -.----         -.----
ss_15           158           6.4941        11.8174        18.6221        24.1325        20.5711
ss_15           159           5.8190         3.2830         6.7444         9.9321         2.6040
ss_15           160          19.9726        23.4472        26.3888        20.9183        13.3024
