Filename       Segment   T328T368Fz-ASNM T328T368FCz-ASNM T328T368Cz-ASNM T328T368CPz-ASNM T328T368Pz-ASNM
ss_27             1           0.2169        -4.3405        29.4173        -0.3435         3.4800
ss_27             2           5.3121         9.2798        14.2983        10.5847        10.8247
ss_27             3           6.5727        11.1761        21.9561        11.3679         8.7311
ss_27             4          15.3969         7.6618        11.9692         4.0555         4.3105
ss_27             5           7.4733        13.6977        21.4566        27.1005        27.9367
ss_27             6          13.6684        16.5500        18.7005        15.5727        15.9290
ss_27             7           4.4652         0.1560        -6.0686         3.7095         3.5820
ss_27             8          -2.7692        -3.7197        33.4798         3.7405         2.5020
ss_27             9           2.5762        -0.3530        14.1807         7.3859         8.6614
ss_27            10           4.9186         2.5304        24.4318         8.1746         9.7196
ss_27            11          11.5954        15.1957         6.2096        25.7600        27.1181
ss_27            12          27.8442        26.4544        33.7065        30.0013        29.4205
ss_27            13          19.8812        17.4398        24.6313        14.1169        12.8018
ss_27            14          15.4672        14.6123         9.1538        19.2601        18.4043
ss_27            15         -30.9480       -26.0642        36.1772        -5.2220         0.6005
ss_27            16           5.1098        15.4454        23.6994        28.0791        26.0004
ss_27            17          30.9939        34.5937        48.8158        41.2266        40.5986
ss_27            18          33.7324        38.9027        38.2605        39.4057        33.7098
ss_27            19          34.7516        29.4736        29.3718        25.5672        22.5537
ss_27            20          17.5527        17.5302        16.2626        21.7181        20.3208
ss_27            21           4.8868         6.5710        10.5815         9.3818         9.8011
ss_27            22          33.0866        27.2746        25.1615        15.7670        12.6254
ss_27            23           9.0745        11.2494        15.7894        13.9842        15.3351
ss_27            24          32.3607        33.8664        31.5725        36.8859        36.2300
ss_27            25          43.8464        48.4731        42.7965        39.8952        34.2239
ss_27            26          10.4612         9.2565        15.7624        15.3067        15.7275
ss_27            27          -3.3742         0.8630        19.5168        10.2536        13.8603
ss_27            28           8.9584         9.9404        12.9357        13.0019        10.7784
ss_27            29          28.6311        25.2006        15.2935         9.6381         5.0617
ss_27            30           6.6320        13.7688        20.2924        23.5878        24.9063
ss_27            31          24.7586        23.6561        13.5284        26.8577        24.5002
ss_27            32          -4.5831        -0.4619        16.8473         9.3007        10.8193
ss_27            33          -1.9359         6.2826        16.6676        20.4001        22.0983
ss_27            34          20.4460        27.7739        39.3284        34.5958        30.6116
ss_27            35           5.6195         6.4080        39.7140        12.4814        12.4710
ss_27            36          28.4465        30.1306        29.2658        30.2136        25.9285
ss_27            37           9.3466        16.9553        19.7261        10.4466         6.6100
ss_27            38         -19.8079       -16.4132        -3.2436        -6.6664        -4.7986
ss_27            39          -4.6596        -7.5933        -3.7659        -1.6133        -0.8962
ss_27            40           -.----         -.----         -.----         -.----         -.----
ss_27            41         -10.6497         0.5690        14.9360        13.9075        14.0777
ss_27            42          -3.2967        -1.7607        -6.0553         2.8057         3.2500
ss_27            43          -2.6702         4.2539        30.0904        26.3582        27.5148
ss_27            44          -0.9780        13.0607        39.0171        21.9777        20.4788
ss_27            45          21.6388        26.0944        38.7811        29.5715        26.9175
ss_27            46         -28.7635       -13.4964        25.3753        13.3235        15.2375
ss_27            47          16.4005        15.8032        19.0752        15.7845        15.2007
ss_27            48          18.8040        19.2207        27.8562        25.9631        27.1050
ss_27            49          -3.1507         5.3631        26.0397        19.3757        17.9358
ss_27            50          42.8572        40.0788        28.5183        32.1790        28.3746
ss_27            51         -16.1843        -4.2544        14.8628        13.0535        16.6174
ss_27            52          14.3021        15.6656        21.6635        21.5501        20.7084
ss_27            53         -15.0047        -4.5996        10.6641         3.3428         0.7694
ss_27            54          -1.1289        10.2192        31.3875        25.3597        27.0739
ss_27            55           3.3771         5.7509        16.4800        13.0445        13.2937
ss_27            56          -7.1917         3.9270        32.3911        21.3858        21.2049
ss_27            57          -5.2777        -0.1050        10.3606         6.9766         9.5824
ss_27            58         -14.8043        -6.1901        26.8091        10.9689         9.4890
ss_27            59          15.9731        19.0543        36.1355        23.0536        22.3503
ss_27            60          21.8943        21.6911        23.2177        21.2696        21.7950
ss_27            61          23.5882        19.5053        25.7381        14.6054        12.9951
ss_27            62          10.1120         4.2568        29.7671        -6.1774        -8.5090
ss_27            63           0.4302         5.8867        10.1216        13.8547        15.4445
ss_27            64          20.0923        25.8818        37.4136        23.5151        20.9946
ss_27            65         -20.4728        -9.5216        37.2838         5.5337         9.3247
ss_27            66         -13.9972        -5.4658        17.2191         6.9539         9.4383
ss_27            67          -1.6152         7.8778        18.8696        19.5379        21.3737
ss_27            68           0.8148         7.9200        18.4013        12.8550        11.4068
ss_27            69           9.7183         4.1888        11.9696        -7.9870       -11.8858
ss_27            70           4.4990        15.3363        29.3501        20.5199        20.6970
ss_27            71          -4.1517         6.4045        30.6409        17.4005        14.9368
ss_27            72          33.3255        35.6211        38.8941        34.9183        29.5762
ss_27            73         -15.2740        -1.8717        33.0171         9.1918         9.7486
ss_27            74           7.3685        11.6977        18.7980        20.2885        22.3206
ss_27            75          -7.8613        -3.5686         9.8221         9.6785        12.6398
ss_27            76           1.1693         7.0534        15.4371        14.4370        13.6051
ss_27            77          -3.8555         2.2734        14.6755         9.4112        11.0817
ss_27            78          26.9475        22.2232        38.9739         7.5080         4.9853
ss_27            79           6.1091        16.8524        35.8812        24.4502        21.5510
ss_27            80          16.1852        19.4142        17.9484        13.3424        10.9401
ss_27            81          -7.3462        -4.5596        -0.5354         0.7089         0.0231
ss_27            82          25.9942        28.2648        36.6994        26.5230        26.6631
ss_27            83          -2.7411        -3.4073         9.4785         0.0164         2.2699
ss_27            84          24.8526        28.7314        33.8126        30.8689        29.1580
ss_27            85          43.4657        49.8196        86.8116        46.5405        47.7947
ss_27            86          25.5317        28.2284        36.4413        30.3467        28.5064
ss_27            87          27.9956        35.6551        48.9889        43.4567        40.6866
ss_27            88          67.1960        75.3609        93.8666        74.1705        64.9810
ss_27            89           6.7486        10.5322        32.6048        11.0033         9.3732
ss_27            90           3.4225        17.5675        35.2710        33.7545        31.2819
ss_27            91          22.4704        33.9265        44.9745        37.9935        35.8523
ss_27            92           -.----         -.----         -.----         -.----         -.----
ss_27            93          14.0884        20.4972        30.3617        27.5690        26.5685
ss_27            94          30.6378        34.6197        29.2392        27.6026        23.7271
ss_27            95          30.1889        27.9431        31.8931        21.7571        18.9870
ss_27            96           -.----         -.----         -.----         -.----         -.----
ss_27            97         -16.2210        -3.7522        30.2645        10.6809        11.9392
ss_27            98          31.2584        34.6162        25.0834        25.0835        21.7399
ss_27            99          23.1158        37.2700        49.2739        42.0261        34.3743
ss_27           100           7.1287         7.9550         5.0828         8.5632         5.9351
ss_27           101          11.8165        16.9346        17.4710        22.2123        21.6731
ss_27           102          23.8289        31.6193        44.1971        38.3108        34.7259
ss_27           103         -14.5935        -4.0723        29.3369        -0.8745        -2.7246
ss_27           104          19.7551        20.0884        -2.6754        13.4914        13.7667
ss_27           105          14.3593        20.5648        27.1774        30.2985        28.3786
ss_27           106           9.8472        15.8257        14.3070        16.2730        12.0326
ss_27           107          63.2836        64.2192        67.1354        34.0491        46.3764
ss_27           108          21.2429        29.5087        44.3842        38.1756        37.7077
ss_27           109          -1.0394        10.0399        27.0244        27.0922        27.0915
ss_27           110          -0.8928        12.3895        32.2838        26.0725        28.9852
ss_27           111           -.----         -.----         -.----         -.----         -.----
ss_27           112          24.5848        34.2531        30.6857        39.7568        39.0191
ss_27           113           -.----         -.----         -.----         -.----         -.----
ss_27           114          15.5495        21.9755        18.4053        33.0573        31.1667
ss_27           115           -.----         -.----         -.----         -.----         -.----
ss_27           116           0.6381         6.1398        17.8007        17.4402        21.4056
ss_27           117          13.7480        18.5562        28.9743        24.7887        21.2996
ss_27           118          21.1737        22.8432        30.1367        18.3770        17.8061
ss_27           119          19.1790        23.7153        37.0176        28.2185        25.0667
ss_27           120           2.4941         8.7501        22.1860        17.9883        20.9287
ss_27           121          20.6394        25.2585        25.0037        19.4333        24.3439
ss_27           122          -8.0848        -1.5816        14.4868        13.0152        16.3314
ss_27           123          -0.5895        10.0009        42.0790        33.5131        20.9403
ss_27           124           -.----         -.----         -.----         -.----         -.----
ss_27           125           9.8140        17.8735        37.6337        24.4954        23.0102
ss_27           126          21.5877        16.7332        14.0789        12.2926        12.8529
ss_27           127          17.8677        12.9145        13.9835         8.9274         7.9446
ss_27           128           9.1374        12.8236        11.2497         7.6237         7.7862
ss_27           129          32.6793        37.0725        40.8672        37.8062        35.5160
ss_27           130          13.7347        14.4097        32.3161        21.3299        18.1691
ss_27           131          21.9397        28.1221        32.8282        27.1279        26.8834
ss_27           132           9.0037        12.2158        18.6637        23.7747        25.7026
ss_27           133          31.0280        37.5577        41.7665        35.5601        41.3666
ss_27           134           5.0459        12.9165        17.0693        15.5542        27.5911
ss_27           135          20.7804        29.9226        44.4818        40.6932        36.2248
ss_27           136          -6.5449        -4.4502         6.0932         7.0597         1.7448
ss_27           137          21.3600        28.3840        38.7083        30.3236        24.8009
ss_27           138          30.0783        32.7865        36.4554        30.0983        28.6649
ss_27           139          27.3789        31.7436        65.4418        37.8157        40.9087
ss_27           140         -10.6918        -2.7229        -3.1717         7.4854        11.2952
ss_27           141          16.9889        23.2052        45.4839        38.3634        30.4536
ss_27           142           7.3848        12.2252        29.3161        19.1877         3.8364
ss_27           143          -3.4861         9.2008        30.7554        31.3961        23.5733
ss_27           144          13.5414        22.2629        29.6049        28.6180        32.8993
ss_27           145          22.3637        23.8726        22.7112        24.0393        29.0718
ss_27           146           -.----         -.----         -.----         -.----         -.----
ss_27           147           8.6670        17.5135        29.2673        28.0803        30.8030
ss_27           148         -16.3638        -1.4431        32.9330        19.3762        11.4003
ss_27           149          25.0862        30.4940        30.3079        17.7715        19.3063
ss_27           150           -.----         -.----         -.----         -.----         -.----
ss_27           151          -4.2107         9.6234        30.2386        11.0174        22.8000
ss_27           152           9.5499        14.6756        31.3686        26.2744        21.0698
ss_27           153           8.0781        12.2801         3.6674        21.8509        17.4779
ss_27           154          29.6693        31.5382        16.1794        14.2650        33.7500
ss_27           155          18.6784        19.9243        27.7047        21.8887        19.1762
ss_27           156           -.----         -.----         -.----         -.----         -.----
ss_27           157           2.3572         9.8428        23.0690        17.3137        12.8110
ss_27           158          -9.0409        -1.1705        11.1726         4.6798         5.2940
ss_27           159          27.6351        31.8835        15.0543        21.6566        33.6582
