Filename       Segment   T244T284Fz-ASNM T244T284FCz-ASNM T244T284Cz-ASNM T244T284CPz-ASNM T244T284Pz-ASNM
ss_20             1          -0.9958        -0.2212        -1.0704        -7.3964       -10.8507
ss_20             2          -5.1228        -4.3447        -5.6330        -5.2724        -6.2482
ss_20             3         -21.9191       -14.5901        -4.3284        -4.2440         0.9044
ss_20             4          -5.3881        -6.2277        -5.7388        -3.8299        -1.6309
ss_20             5          -7.3331        -5.8210        -9.1569       -19.8119       -22.5784
ss_20             6           0.5689         0.4956        -0.3573         8.4608        19.0445
ss_20             7         -10.2737       -10.5097        -5.6542        -5.1901        -5.3338
ss_20             8         -19.0371       -39.7858       -16.1005       -20.2517       -23.1349
ss_20             9           9.3491        16.4511        12.9540        14.4529         7.3023
ss_20            10          17.2679        25.1225        23.3054        21.8095        11.5288
ss_20            11          21.8750        20.4305        25.2275        20.0687        21.4375
ss_20            12           2.3130        -0.4818         6.8868         5.7201         3.6589
ss_20            13          32.6330        31.0629        11.6736         1.6417         1.2107
ss_20            14          -5.6663       -23.6658       -24.2135       -23.7338       -21.4086
ss_20            15          10.0885        18.2395        30.3095        26.6459        18.7836
ss_20            16          13.2478        24.8594        34.3709        37.1430        21.9712
ss_20            17          26.5052        39.3337        41.5579         0.8501        15.3607
ss_20            18          12.9650        22.0276        32.7171        31.7931        20.5267
ss_20            19          26.2698        32.9867        42.1154        42.7111        41.7488
ss_20            20          11.4727        19.8343        27.3277        22.9601        26.9044
ss_20            21          44.2491        51.6629        46.9778        55.3139        31.1474
ss_20            22          11.0812         9.8038        25.6593        23.0046        12.3249
ss_20            23          18.9088        14.5173        23.1795        13.8346         7.1281
ss_20            24         -25.8090       -70.1313       -19.0747       -33.2588        -5.6441
ss_20            25          32.8841        31.1249        46.2122        51.6990        45.8381
ss_20            26          40.1877        49.1425        49.4504        62.2900        47.6145
ss_20            27          56.4917        79.5102        59.7816        60.4164        41.2453
ss_20            28         -86.3343       -52.1807       -15.4531       -26.5657        -4.6046
ss_20            29          18.2312        40.1049        24.0752        17.2630        26.9326
ss_20            30          67.1086       105.8314        68.1573        94.7705        66.1973
ss_20            31          25.6376        19.2794        54.8918        44.4357        32.4959
ss_20            32          77.3515       102.3933        69.9079        59.9931        30.1668
ss_20            33          -6.3015        18.5581         3.7795         9.4487         2.3941
ss_20            34           6.9805         6.4357         8.4872        10.9705         8.3087
ss_20            35          -3.0084        -2.2345        12.2819        17.2102        25.2920
ss_20            36          31.5453        22.8948        33.0396        40.3111        26.6189
ss_20            37           -.----         -.----         -.----         -.----         -.----
ss_20            38          -4.1511         1.7874         8.5222         7.4866        17.8402
ss_20            39         -83.1149      -110.3917       -53.4414       -61.5303       -36.6383
ss_20            40           0.1556         2.3534         9.7653         1.9542         5.2375
ss_20            41          18.9108        29.6333        31.3385        27.2604        18.1923
ss_20            42          44.6052        34.8852        34.9871        30.2413        37.4854
ss_20            43          34.3514        58.0737        36.2514        44.4723        22.2039
ss_20            44          11.7169        26.0366        14.9291         6.0009         4.8555
ss_20            45          -9.5092       -19.1174        14.4533        16.2070        17.2663
ss_20            46         -29.3888       -35.4404        -6.1433        -6.8985       -19.7809
ss_20            47          25.1636        33.8716        39.2734        23.9687        18.0631
ss_20            48          38.1732        72.1852        55.5577        58.2044        39.6660
ss_20            49          10.1576        14.8167        24.4957        30.6382        24.6756
ss_20            50          63.7648        81.8317        59.8434        56.6358        34.9232
ss_20            51           -.----         -.----         -.----         -.----         -.----
ss_20            52         -15.0170        -8.6147        15.4260        13.6327        19.8857
ss_20            53          28.7232        66.8129        43.3151        36.2665         6.4617
ss_20            54          13.1310        24.2888        37.9058        37.4835        24.2668
ss_20            55          -3.1092         3.4648        27.9937        23.8275        16.3159
ss_20            56          39.2898        58.2312        56.9564        63.4629        46.7818
ss_20            57          22.7711        33.2158        43.4884        40.8729        19.9804
ss_20            58         -10.9960         2.2906        21.8532        21.0254        13.1481
ss_20            59          31.3063        29.8954        40.8307        47.1072        29.5425
ss_20            60           4.7087        11.5820        15.1345         9.6677        13.7811
ss_20            61          -2.2613        13.0774        35.4369        39.4745        30.6101
ss_20            62           9.4277        24.5589        25.7390        35.5551        20.6018
ss_20            63          26.4987        12.7924        20.0186         4.8184        18.6304
ss_20            64          30.0892        69.2434        58.6333        85.4753        33.2490
ss_20            65          46.5979        67.0140        59.0932        75.4270        49.7374
ss_20            66           2.9868        21.9647        31.1019        36.8114        43.6715
ss_20            67          41.8012        30.1770        27.0950        22.4489        26.3073
ss_20            68         -12.9528       -11.2307        -5.2919       -10.9910        -3.6977
ss_20            69          37.6498        48.4303        54.3305        53.7312        54.0896
ss_20            70           9.0046        26.0889        18.0457        24.2593        30.1252
ss_20            71         -18.8660       -10.3642         6.6387         4.7771        13.7942
ss_20            72          22.2493        28.2084        25.9875        17.8645         8.1067
ss_20            73           6.5783        23.3397        28.7379        35.0823        23.7583
ss_20            74          34.9625        50.5854        30.2000        25.0122        32.2991
ss_20            75          -2.7530         5.3994        28.3488        13.0935        25.4942
ss_20            76           6.0080        12.1676        42.5750        35.1885        17.2966
ss_20            77          52.9431        78.8912        67.3238        68.6434        40.7232
ss_20            78           9.6755        75.5989        28.6529        52.1515        14.9425
ss_20            79          72.2098       108.8454        83.0449       128.4560        59.8186
ss_20            80           -.----         -.----         -.----         -.----         -.----
ss_20            81         -27.4979       -48.0790       -29.4450       -50.0824       -17.4977
ss_20            82          25.9486        46.4917        36.5286        40.2441        31.8798
ss_20            83          41.3276        65.4913        25.7897        30.4978        29.8449
ss_20            84           7.0412        20.2763        17.8030        22.9048        14.6552
ss_20            85           7.0585        21.4856        12.3533         4.0584        -1.2265
ss_20            86          -3.0333         4.0902         5.0091         1.7970         1.4657
ss_20            87          18.1996        23.7868        25.0836        17.8745         6.0617
ss_20            88          10.0973        21.2322        24.6565        30.0096        23.6527
ss_20            89         -17.2120        10.1158        39.6643        38.2410        17.6295
ss_20            90          19.9798        28.5732        28.9733        24.0257        15.9285
ss_20            91          -2.0352         2.2582         6.8004        13.7372         3.6911
ss_20            92           7.2391        13.8447        23.8654        24.9276        21.1186
ss_20            93          39.6276        47.3292        43.0184        33.0327        11.0809
ss_20            94          -9.7794        -3.5495         3.4576        12.5565        23.4127
ss_20            95           3.4240         8.5834        13.7717        17.9454        13.5801
ss_20            96          10.8387        13.8557        15.6708        15.3599        15.9401
ss_20            97          -6.1959         7.5195        15.5520        14.9428        10.3807
ss_20            98           9.3923        17.1991        21.1672        18.0256         5.9270
ss_20            99           1.2289         8.1663        21.4227        33.2376        37.5064
ss_20           100           7.0455        13.5094        22.3988        33.4602        16.0877
ss_20           101          11.9090        20.6353        31.7313        27.0048        20.7832
ss_20           102          21.9531        28.3823        30.1970        24.4835        26.4909
ss_20           103           1.0602         5.5006         7.0961         1.2249         2.1076
ss_20           104          -0.6410         1.2412         0.8655         6.9813         7.9075
ss_20           105          -3.5111        -5.0593         2.7800         2.9187         7.8481
ss_20           106         -44.3359       -32.6569       -19.6888       -13.3347       -24.5219
ss_20           107          12.1980        23.8232        30.5526        29.4283        27.0669
ss_20           108          19.4328        38.0555        45.2658        35.1976        39.3352
ss_20           109          14.4502        16.0749        12.6836         6.3310         8.5193
ss_20           110          -1.5839         1.9906         5.1311         3.4383         2.4711
ss_20           111         -12.1219        -6.2334         0.1080         2.4730         9.0735
ss_20           112           9.3891        11.4874        15.8908        20.8169        17.9821
ss_20           113          13.7529        28.6183        48.7108        60.1510        61.5512
ss_20           114          -8.4400        -5.3051        -1.2622         4.7876        -6.0465
ss_20           115           6.6919        10.0174         9.3709         6.0789        13.0746
ss_20           116          12.0991        25.8827        34.2940        32.7088        35.2885
ss_20           117           9.0125        11.8284         6.3699        -7.7129        -7.7295
ss_20           118          23.4986        31.2213        29.4181        26.1084        15.1517
ss_20           119          -2.5387         0.2242         4.7308         3.0641         0.7951
ss_20           120           1.0822         0.3152         1.6555         1.8279         6.2528
ss_20           121           8.3146        13.2509         6.2526         1.9339        -0.2777
ss_20           122           0.4122         0.2496         3.5097         5.1492        11.6765
ss_20           123           6.9953        17.5395        20.9531        14.8707         8.3111
ss_20           124          16.6795        20.7757        13.7707        -2.5704        -1.5933
ss_20           125          23.3243        27.4163        29.7471        24.5985        24.4599
ss_20           126         -15.8600       -14.8660        -7.6760         1.1181         3.3103
ss_20           127          18.0663        29.3304        45.9983        51.1015        43.1731
ss_20           128          11.5313        13.8248        15.3859        12.7897         7.4018
ss_20           129          -7.7805        -4.9656         3.2640        14.9033        13.5854
ss_20           130          24.1939        23.9590        24.3411        14.1325         4.7282
ss_20           131         -28.5012       -20.2875       -11.5959       -10.9830        -9.1141
ss_20           132          25.5911        25.5244        17.6610         2.4778         1.0395
ss_20           133          -1.0998        -0.3745        -4.2474        -3.5140        -0.7459
ss_20           134         -17.9742       -20.7787       -15.4928       -15.6396        -7.8905
ss_20           135           3.6130        12.2678        13.1240        15.9044         5.9295
ss_20           136          26.9709        36.0699        37.4142        39.2491        33.8561
ss_20           137          15.0559        20.3927        20.0237        16.5700        16.0468
ss_20           138         -20.8123       -16.0107       -10.2691        -5.3572         4.7794
ss_20           139          23.1724        25.1853        24.2101        24.5589        19.5329
ss_20           140          -9.7178        -1.2345         7.4224         0.5158        13.4430
ss_20           141          10.1921        16.0995        20.3472        25.1256        26.7611
ss_20           142          11.0373        16.2906        13.4320         8.6130         5.6873
ss_20           143           1.5595         9.1240        13.2054         9.7777         7.7056
ss_20           144          30.1971        28.3510        39.9323        41.0745        44.0468
ss_20           145          31.9923        44.2204        49.6824        46.6640        39.1271
ss_20           146          22.7612        21.6909        13.7146         6.9302        -0.8789
ss_20           147          29.8379        39.1611        46.3393        46.2548        40.3969
ss_20           148          11.8555        23.4033        31.6031        35.4734        28.3925
ss_20           149          -6.4993        -8.7232        -3.2632        -2.9749        -5.2386
ss_20           150           -.----         -.----         -.----         -.----         -.----
ss_20           151          34.0295        37.5188        41.1295        44.6682        39.0529
ss_20           152          18.0945        30.1988        33.9462        38.0805        37.2068
ss_20           153          17.1085        31.0666        36.0242        35.8320        36.7470
ss_20           154          18.6737        27.9770        26.8178        31.7272        26.4721
ss_20           155           8.9248        16.0646        19.6444        15.4883        14.1255
ss_20           156          19.0746        31.6375        45.2545        45.5130        43.8963
ss_20           157          13.3971        25.4643        32.5781        32.0525        20.7129
ss_20           158          10.5798        16.0849        18.5291        12.3222         8.2304
ss_20           159          29.2638        35.6008        32.1201        15.7147         7.4430
ss_20           160           8.6337        16.9442        17.8375        15.4065         3.6761
