Filename       Segment   T228T268Fz-ASNM T228T268FCz-ASNM T228T268Cz-ASNM T228T268CPz-ASNM T228T268Pz-ASNM
ss_29             1           2.7486         6.6978        -0.6709         2.0406         3.3983
ss_29             2          -3.0137        -7.6522        -9.8086       -15.8430       -23.1717
ss_29             3          27.8722        32.6607        26.5808        16.8669         6.3368
ss_29             4           1.8871         2.0302         4.9002         3.8537        -1.2951
ss_29             5         -29.2928       -32.8653       -29.8331       -25.8214       -22.1950
ss_29             6         -11.3530       -13.3044        -6.2695        -3.5491         2.5051
ss_29             7          -5.4741        -5.7658       -10.3262       -11.5247       -14.4107
ss_29             8          -5.4146        -9.0283        -2.2169        -8.5541        -8.2288
ss_29             9         -22.6086       -21.1473       -14.5386        -6.1102         3.9738
ss_29            10          11.5017        12.4570        -1.6697        -2.6954         0.0623
ss_29            11          20.5252        29.2980        33.8827        25.6107        19.7412
ss_29            12           2.8093        -1.1654        -5.2100         2.4541        -2.0740
ss_29            13          -7.4031       -13.7390       -22.3919       -22.5438       -16.4159
ss_29            14           0.9921         1.6913         6.7038         2.6822         4.7701
ss_29            15         -21.8219       -19.2823       -16.1694       -11.7920        -3.5246
ss_29            16         -10.5606       -10.3244        -4.7561        -6.0418         1.4941
ss_29            17         -33.8311       -30.6743       -26.2278       -14.4941        -4.1835
ss_29            18           9.2244        10.2818         3.9559         0.4479        -0.3855
ss_29            19          12.3801        10.7464         4.3673         3.8112        -2.2973
ss_29            20          -0.3615         2.3092        -0.1072         4.0402        14.6523
ss_29            21           2.9939         2.2285        -3.7598        -6.0110        -4.0887
ss_29            22           4.5194         6.6462         4.8010         0.1298        -5.9306
ss_29            23          18.4414        19.9925        18.1927        21.5147        10.1642
ss_29            24          12.5031        13.2289        14.0630         8.2322        -1.5133
ss_29            25          -5.9015       -10.7692        -1.6594        -3.8337        -2.9817
ss_29            26           1.5739         2.8207         8.9276         3.3345         4.6933
ss_29            27          11.9837        12.0328         9.8413         2.9995        -6.0985
ss_29            28         -15.4020       -16.8237        -8.7161       -10.5120        -7.8427
ss_29            29          -0.2269         4.3445         9.2193        16.4949        11.4438
ss_29            30          -3.7366        -3.0574        -5.9036         3.6346         5.5883
ss_29            31           7.1874         8.9130         6.1046         5.5386         3.1455
ss_29            32          21.2456        28.9033        31.8296        19.7987         8.4801
ss_29            33          -9.7828       -10.9744        -5.1373        -2.8697        -3.5028
ss_29            34         -11.9966       -13.0330        -9.6000       -12.9086       -12.7367
ss_29            35           4.0883         0.3135        -3.8412        -4.4883        -7.1224
ss_29            36           6.5272         7.4307         5.2367        -0.9548        -7.1043
ss_29            37          10.5194         4.9536         1.5686         8.1137       -10.0323
ss_29            38          12.5190        14.6876         8.5165         9.3066         4.0681
ss_29            39          22.1383        25.3962        33.2350        26.3559        19.8012
ss_29            40         -12.2759       -14.0763       -13.9674       -14.4997        -8.3063
ss_29            41          -9.1310       -11.9207       -19.7619       -10.6297        -8.8045
ss_29            42          -2.7030        -3.9448        -0.9024        -8.9248       -10.6690
ss_29            43          -3.3577        -4.2809        -3.3740         3.5496         5.1347
ss_29            44          18.7895        18.2439        18.6976         1.4650        -1.6227
ss_29            45           9.2127        10.6444        10.4233         6.6976        -0.6244
ss_29            46           6.0917         9.3626         6.0620        11.8517         3.1787
ss_29            47          -9.8131        -5.9776        -0.1525        -2.4022         6.6545
ss_29            48           2.9219         5.3700        -5.2923        -0.8512         2.2212
ss_29            49           5.9254         6.9328         1.4174        -2.2226        -4.8595
ss_29            50          10.5718         7.9871         6.4501         3.0185        -0.7835
ss_29            51          14.5126        15.0210        11.9534         6.9889        -0.1553
ss_29            52          19.0713        22.1509        17.4212        12.5609         9.6213
ss_29            53         -11.4360       -18.5467       -13.0015       -13.0182       -11.3486
ss_29            54           3.9657         9.1941         2.1391         1.8791         4.8647
ss_29            55           3.1501         1.0317        -2.1636        -1.4763        -6.0466
ss_29            56           4.8267        10.5282        12.1572        10.2178         5.4290
ss_29            57          31.4797        32.4164        29.2877        23.2385        16.1681
ss_29            58           3.2819         4.7700        12.5679        13.3282        10.3696
ss_29            59          13.8646        10.8654        11.3488         5.0420         2.4859
ss_29            60           9.4817        10.4612        12.4111        18.4225        13.3092
ss_29            61           2.9070         7.7041         6.2451         9.1862         3.5022
ss_29            62           8.6048         6.8740         9.0286         6.1332         1.6005
ss_29            63           9.6574        11.7026        14.4423        12.0268         7.8584
ss_29            64          16.6018        13.0457         5.5685         3.1381        -5.6423
ss_29            65          17.7254        19.8514        16.5069        15.0056        11.3776
ss_29            66          11.3693         8.3382        15.8823         8.2245         5.6991
ss_29            67         -13.0128       -14.6087       -12.6845       -10.4747        -8.1297
ss_29            68           0.4292        -0.2385         0.5296        -1.2308        -3.4106
ss_29            69         -22.0033       -16.2478       -11.9901       -11.2433        -9.6151
ss_29            70          -5.7425        -8.0000        -0.1267        -0.7062        -1.2606
ss_29            71          -2.2823        -0.3904         1.0345         0.8030         3.8478
ss_29            72          -3.1808        -3.5256         5.6539         7.6885        11.6650
ss_29            73           8.1615        12.7005        20.1959        12.7358         0.7550
ss_29            74          14.0205        20.5885        26.1079        25.1764        24.0858
ss_29            75          -7.6201       -11.6045       -12.0863       -10.2256        -9.2290
ss_29            76         -14.1013       -16.9699       -10.0659       -12.3946       -10.0260
ss_29            77           3.1639         3.1493        -0.2472        -0.9934        -5.9205
ss_29            78           4.3094         5.2831         2.4297         4.4712         2.5419
ss_29            79         -13.2505       -15.7513       -16.0442        -8.9444        -4.0473
ss_29            80         -12.9022       -10.0883        -5.0940         8.0423        10.1870
ss_29            81          14.7380        13.2616        14.0928        12.6114        10.0494
ss_29            82          19.4294        16.9242        17.8910        11.1330         3.2033
ss_29            83          18.6872        23.2253        23.0564        19.6383        17.8483
ss_29            84           0.7674        -2.6899        -2.0948        -3.5186        -9.0763
ss_29            85           9.6237         9.8618         8.8790         8.9158         9.5017
ss_29            86         -12.0211        -7.1766        -2.4932        -9.6364        -7.2724
ss_29            87          22.5134        22.0250        24.6146        19.1830        12.6164
ss_29            88          15.5509        21.9870        15.2394        10.5953         9.6785
ss_29            89           7.9461        11.2607        11.4917        12.5051        10.6330
ss_29            90           8.5122         9.4426        16.6598        18.7138        14.5087
ss_29            91           9.3830         5.1461        -6.6368        -4.7575        -8.4781
ss_29            92          10.0004        15.6074        19.9539        17.6067        17.0142
ss_29            93          16.9237        15.8635        11.9494         6.9183         4.9729
ss_29            94          16.7205        19.6138        25.6432        25.5983        23.5477
ss_29            95          10.9604         5.3580         8.4990        -0.6792        -3.2696
ss_29            96           9.5669         2.6747         1.7150        -3.6073        -8.0377
ss_29            97          -7.8611        -1.9849        -4.9938        -0.9108         4.9411
ss_29            98         -18.6460       -20.6701       -21.2211       -17.1212       -13.8469
ss_29            99           7.7762        10.2847        13.9864        24.1535        25.4959
ss_29           100           6.9845         8.5239        15.0219        17.0490        17.2382
ss_29           101          -1.3049         3.8152         4.2850        10.0174        12.7860
ss_29           102         -14.8498       -16.9065       -14.1474        -6.9571        -4.1819
ss_29           103          20.3086        19.9462        17.6848        11.1873         6.2040
ss_29           104          13.9415        15.4758        17.9934        11.4801         7.8521
ss_29           105         -10.1535         0.3810         4.5291        16.8711        20.0343
ss_29           106          16.1578        15.7386        10.1036         1.9732        -9.5482
ss_29           107          -6.3010       -26.6167         3.4752         9.2646        10.4168
ss_29           108          15.0744        18.0465        12.4833        15.3128        13.7582
ss_29           109           3.9051         4.0651         8.8124         5.8178        -1.0827
ss_29           110           6.7781         5.1898         7.0360         5.7756         4.5822
ss_29           111          19.6934        18.3670        22.3592        15.5348         9.8583
ss_29           112           1.8882         6.8429         6.0381         1.8584        -2.1455
ss_29           113          27.4823        27.4680        27.8498        19.1986         8.5424
ss_29           114          -0.4448         2.3936        11.4932        18.9997        20.4714
ss_29           115         -11.8954       -18.4246       -12.2696       -10.5918        -8.5693
ss_29           116           0.2797         4.3851        -1.2385        -6.5125        -8.7201
ss_29           117          -7.8550       -11.1313        -7.8644        -5.1428         1.1819
ss_29           118          -2.0552         0.0267        14.6275        17.1446        18.8383
ss_29           119          23.3760        23.1586        14.1902        12.1607        10.5409
ss_29           120          29.7757        33.8810        34.2732        25.7454        17.8740
ss_29           121         -12.5172       -13.7809        -6.7728        -0.6037         5.2439
ss_29           122          16.6762        20.3606        36.4066        23.4368        21.7628
ss_29           123          24.5040        28.5437        25.0712        14.7673         9.5128
ss_29           124           4.0992         9.5485        16.1423        11.6117        10.6182
ss_29           125         -11.8929       -15.4782       -15.1452        -4.0155        -1.8430
ss_29           126          -0.5767        -3.5444        -8.9821        -8.3748        -6.4392
ss_29           127           6.7713        11.8344        13.3996        14.8062        10.2198
ss_29           128           1.7343        -6.6367        -3.7362         3.3660        -0.5629
ss_29           129          26.2022        31.3476        30.8317        29.3150        25.8679
ss_29           130          19.1010        22.3534        22.5277        20.8446        15.4493
ss_29           131          -4.2956        -7.7980        -6.4543        -0.8729        -2.6592
ss_29           132          22.2659        20.7325        20.6229        13.9704         5.0121
ss_29           133           7.8875        11.1042        14.8504         9.2027         1.1219
ss_29           134           1.4985         1.8510         5.0439         1.4473        -2.0056
ss_29           135           1.9886         1.2446        10.4159        12.5324        15.4392
ss_29           136          -6.5199        -6.2010       -22.2815        -0.7875         4.1142
ss_29           137          16.5296        17.1643        17.8904        18.8175        16.3039
ss_29           138           7.0454         6.3388         8.1669        10.2109        14.1417
ss_29           139         -10.6524       -16.7591       -17.5973       -16.4390       -14.1961
ss_29           140          -1.1006         4.1805        15.0451        12.2064        10.2769
ss_29           141          11.1759        18.1948        15.8582        17.0217        18.0133
ss_29           142          -0.5797         0.7213         9.1959        14.0127        15.0681
ss_29           143          14.8529        15.9276        10.0578         4.9607         1.8647
ss_29           144          -6.2925        -4.4796        -0.6519        -3.0196        -3.9263
ss_29           145           3.1607        10.3495        13.6814         9.0283         4.2983
ss_29           146           8.3298        11.9924        11.8045         9.1650         7.8877
ss_29           147         -27.6094       -28.3497       -20.2525       -15.6038        -6.2362
ss_29           148           6.7488        10.4740         9.3948        11.0628         9.6650
ss_29           149          -7.7796       -11.9240        -9.3360        -7.5843         0.0103
ss_29           150           6.2031         8.5087        -1.3507         1.2756        -8.0706
ss_29           151           7.8152         9.9227        11.8889         8.5933         6.9660
ss_29           152           9.8898        12.6822        21.4319        19.9166        18.5699
ss_29           153          -7.1146        -4.0141         1.9777         9.2755        13.9018
ss_29           154          -0.8032        -3.4309        -5.5873        -8.3851       -11.1756
ss_29           155           5.7605         5.8744         5.1292        10.3360         7.8350
ss_29           156           4.2051         4.0853        -1.0605        -4.0864         0.9967
ss_29           157          15.4460        21.0704        13.4702         8.2342         7.3877
ss_29           158          16.1190        15.7390        11.9926         9.3569         5.1277
ss_29           159          -4.6917        -6.9986       -10.3094        -8.1943        -7.9933
ss_29           160          14.5077        21.9560        22.7865        25.9011        26.0516
