Filename       Segment   T248T288Fz-ASNM T248T288FCz-ASNM T248T288Cz-ASNM T248T288CPz-ASNM T248T288Pz-ASNM
ss_28             1           1.2124         2.6093         0.7316        -0.6850         1.4011
ss_28             2           2.7217         5.4862         1.3591        -5.5239        -7.2468
ss_28             3           6.5677         8.8234        10.0864        10.3302         9.0671
ss_28             4          -1.5030        -1.2543        -1.1216         0.8168        -0.7181
ss_28             5          22.8722        26.1681        25.7029        22.7357        29.6868
ss_28             6          10.0934         9.7844        11.6623        12.6980        19.1036
ss_28             7           0.1039         1.7098        -0.9674        -1.7739        -3.8008
ss_28             8           2.2886         2.6442         3.6462         4.9346         7.7750
ss_28             9           2.9059         3.7439         3.4101         2.6896         2.0867
ss_28            10           9.2859        12.6459        16.0425        13.2270        11.9962
ss_28            11           2.2771         4.0611         4.4538         2.3119        -1.6307
ss_28            12          -2.5985         1.2608         2.5572        -0.5156        -5.8599
ss_28            13          18.5626        23.5238        25.2529        20.6003        20.9692
ss_28            14           3.5865         5.3751         7.5359         7.5190         7.1545
ss_28            15           7.8911        12.8612        11.7496         8.0346         4.4580
ss_28            16          -3.3332        -4.7116         2.1972         5.1607        -2.8106
ss_28            17          13.2063        18.3852        24.4318        23.0713        16.2263
ss_28            18          11.5553        17.7434        18.2526        11.4895         8.0806
ss_28            19           2.1695         2.0446         5.1110         9.2416         9.7474
ss_28            20          12.1310        16.1346        19.2731        17.6823        15.0529
ss_28            21          -1.6514        -1.8245        -3.4870        -0.3666        -1.7581
ss_28            22          15.7338        19.8950        25.2170        22.8965        13.3487
ss_28            23           4.4977         6.3774         5.2802         1.4792        -1.9553
ss_28            24           2.5024         3.4143         3.0036         4.9938         9.3605
ss_28            25          -0.4172        -1.6595        -0.7175        -0.1233         0.7862
ss_28            26          -5.8984        -7.0029        -4.0212         0.5216         0.9164
ss_28            27          -5.6503        -7.8104        -6.1819        -9.9385        -9.5535
ss_28            28           0.5005        -0.1419        -0.9765        -4.7658        -2.9203
ss_28            29           8.8186        11.0006        15.1479        13.5795        13.7172
ss_28            30           6.4383         8.4508         9.3979         1.0224        -3.3945
ss_28            31           8.7874        13.3397        12.4476        13.9105        11.1045
ss_28            32           3.2213         5.4472         1.4819         1.8608         2.2415
ss_28            33          -0.5013         2.4365         4.2056        -0.2624        -8.3809
ss_28            34          -8.2316        -8.3200        -7.6894        -3.8381        -6.0165
ss_28            35          -6.8202       -10.0837       -10.6635       -12.9452       -10.5781
ss_28            36           5.0900         5.9043         9.5464        10.8184        10.5385
ss_28            37           2.3714         4.8922         8.5919         4.8909        -1.4082
ss_28            38          11.0265        15.0505        15.7701         8.6599         9.4784
ss_28            39           0.5716        -3.2575        -0.0487        -3.4868        -3.0377
ss_28            40         -16.4168       -18.9846       -24.4581       -28.4614       -26.5175
ss_28            41           -.----         -.----         -.----         -.----         -.----
ss_28            42           3.0463        -2.7125        -2.5225        -1.8258        -1.1310
ss_28            43         -25.5257       -18.1930       -18.8791       -17.9711       -22.3117
ss_28            44           -.----         -.----         -.----         -.----         -.----
ss_28            45          -1.2353        -2.1552        -2.1200        -0.3873         1.2627
ss_28            46           3.9290         4.7773         5.4468         1.6425        -1.0194
ss_28            47          18.8981        25.0443        26.8253        26.5536        20.5288
ss_28            48           6.6268         8.6951         9.5475         4.6629        -0.6108
ss_28            49           4.2455         6.5830        10.5560        12.3754        11.5261
ss_28            50          -2.8765        -2.4160        -3.5043        -1.7826        -1.0737
ss_28            51          -8.1188       -13.7869       -10.8958        -8.4853         1.5799
ss_28            52          -1.9212        -1.8751        -0.3306         5.1177         6.8338
ss_28            53           9.5925        14.9408        12.6630         8.3376         4.0729
ss_28            54          -0.5457        -1.0578        -1.0257         1.6087         8.5597
ss_28            55           -.----         -.----         -.----         -.----         -.----
ss_28            56           0.1445         2.8072         2.5569         4.9013         4.1772
ss_28            57         -18.7314       -19.1396       -15.8995        -4.5040       -11.7665
ss_28            58          -5.9057        -4.5891       -10.6625        -9.0273        -8.1089
ss_28            59          -7.9706        -9.8112       -10.4080       -11.3887       -11.0052
ss_28            60           2.2437         3.9917         2.4293        -1.3447        -6.7239
ss_28            61           5.9762         7.4286        11.9623        15.0848        15.4038
ss_28            62          -3.3982        -4.9745        -4.5677        -5.1188        -2.5978
ss_28            63           1.9751         0.8028        -4.9309        -7.5483         4.6916
ss_28            64          -4.9391        -5.0551        -9.0461        -6.4626        -3.9742
ss_28            65           2.0741         1.5959         3.4780         0.9717         0.2102
ss_28            66          -3.3784        -7.3385        -6.2956        -1.5770         4.1068
ss_28            67           0.5940         1.5512         5.4720         2.5284        -3.4610
ss_28            68          -5.7125        -8.6072        -5.3294        -5.8804        -9.7471
ss_28            69          -0.3750        -0.8097        -2.9013        -0.3573        -1.4274
ss_28            70           0.5674         1.4199         3.3163        -0.2719        -2.0346
ss_28            71           9.8695        10.5529        12.6615        10.5782        12.3271
ss_28            72           0.9003         0.0708         2.8528        -1.3627        -3.0756
ss_28            73          -1.7365        -4.6552        -0.7443        -6.0317        -7.6143
ss_28            74           6.6923         6.8284         9.0381         8.2504         9.7699
ss_28            75           8.7002        12.0169        11.9522         5.5600        -0.1820
ss_28            76         -13.5103       -19.8509       -17.3207       -17.8831       -20.6544
ss_28            77           9.9362        15.0946         5.1397         5.3318         8.5715
ss_28            78           5.8617         8.1103         4.9139        -0.9080        -0.5609
ss_28            79          -0.5553        -0.9601        -1.2750        -4.9550        -4.4442
ss_28            80           6.8528        10.7973        12.4258        10.3454         0.2312
ss_28            81          -5.6996        -5.1588        -7.3948        -7.8612        -7.5145
ss_28            82          13.2966        29.1762         6.6004         3.6384         9.1815
ss_28            83          -4.2002        -5.3026        -4.5291        -4.0059        -1.4817
ss_28            84           3.1278         3.9193         6.5167         8.0550         6.5379
ss_28            85          14.6165        21.6406        17.4150        25.2316        25.7028
ss_28            86          -7.5339        -5.9985        -5.8552        -4.3280        -9.4125
ss_28            87          -6.4296       -11.3315       -13.4757       -10.3341        -3.5205
ss_28            88          10.6580        14.7880        13.3411         7.5398         3.2475
ss_28            89          -9.5281        -9.6165       -12.3890       -11.6673       -13.7670
ss_28            90          -1.7541        -3.3196        -0.2110        -1.0437        -0.5178
ss_28            91           4.0149         7.6662         1.4290        -3.0452        -8.6395
ss_28            92           -.----         -.----         -.----         -.----         -.----
ss_28            93          -6.4803        -4.2281         1.8274        16.5126         2.0512
ss_28            94          -7.5299        -7.8116       -12.3677        -8.0269       -12.3911
ss_28            95          -4.1366       -12.2308         0.5238        -0.5923        -4.9196
ss_28            96          -9.4482       -13.0255        -9.9736       -11.8149       -15.2526
ss_28            97          12.4821        14.7523        21.6132        18.8764        14.2138
ss_28            98           7.2305         8.8777        13.3381         8.3504         9.7651
ss_28            99           6.6844         8.0367        10.6656        10.3229         6.7393
ss_28           100          -4.5440        -5.2895        -9.8749        -8.6700        -8.1742
ss_28           101           2.3994         5.3466         3.1744         1.4274        -2.8896
ss_28           102           1.3365         4.7868         2.5001         2.1976        -1.1367
ss_28           103         -11.4119       -11.1272       -16.2343       -14.1649       -20.8935
ss_28           104           3.0572         8.0028        -1.0807         3.3853         2.7995
ss_28           105          10.0450        14.2468        16.3413        14.0163         8.5719
ss_28           106          -0.3591         1.8924         2.7060         3.4048        -3.3345
ss_28           107          19.7874        30.9107        22.0954        23.3065        24.1430
ss_28           108          -1.9117        -6.7579         1.3947         3.0108        -0.9283
ss_28           109          -7.6919       -11.2532        -6.3687        -8.5096       -15.3022
ss_28           110          21.7135        32.9600        16.7416        21.5311        31.2715
ss_28           111          -6.2015        -8.4931        -4.8179        -5.9929        -8.2104
ss_28           112          -5.6401        -6.8112        -7.6177        -6.8535       -10.1279
ss_28           113          -4.6715        -6.9831        -4.1924        -1.9652        -6.1145
ss_28           114          -4.8774        -5.8973        -1.3617         0.1423        -7.7463
ss_28           115          -1.1038         0.5153        -3.4408       -10.1868       -13.8177
ss_28           116          18.9262        17.9931         0.6655         8.0767        38.3172
ss_28           117          -3.3087        -3.3098        -3.0469        -1.8500        -7.2352
ss_28           118          -3.4732        -3.5469        -5.3793        -0.5163        -0.1004
ss_28           119           3.6271         4.5090         0.8157        -1.7997        10.0733
ss_28           120           4.1563         4.7819         5.4430         4.3978         1.7501
ss_28           121          -8.4748       -12.3107       -14.4202       -11.5052        -9.0295
ss_28           122          -1.7664        -3.8105        -2.4664        -3.3440        -0.5602
ss_28           123          -9.2097       -11.6279       -10.9612       -10.8578       -15.0418
ss_28           124          -7.6631       -10.2055        -9.1265        -7.2159        -7.2350
ss_28           125           9.7076        17.1572        10.5715        16.3583         7.8365
ss_28           126          12.3236        21.2576        14.1951        12.5665         3.9080
ss_28           127          -5.4797        -7.9186         1.8336        -2.1713        -9.4958
ss_28           128          -4.6257        -0.4421        -6.1250        -2.6530        -3.6821
ss_28           129           6.9276         7.7478        11.6882         8.4429         9.4257
ss_28           130           3.4251         6.4667         4.5532         7.0396         8.7269
ss_28           131         -13.0272       -28.2809        -4.7885        22.5231        20.3982
ss_28           132          -0.4758        -0.4767         1.6232        -2.5788        -9.6282
ss_28           133         -12.9172       -18.3162        -7.7591        -3.3945        -4.6008
ss_28           134          -9.1828       -15.9303        -6.0159        -4.9390        -3.5466
ss_28           135           0.7720        -0.3062         1.4657        -1.7971        -4.1034
ss_28           136           2.6047         4.1028         7.5479         2.0110        -5.6365
ss_28           137           3.1432         3.5856         3.8598         4.9947         2.9629
ss_28           138           4.3423         5.0320        12.0132        13.7773         8.5890
ss_28           139           2.4829        -0.4668         5.6190         5.0042         2.1213
ss_28           140          10.7335        17.2474        14.1390        13.5141         9.6608
ss_28           141          17.5506        25.9718         9.9709        21.3129        27.8427
ss_28           142           0.6245         2.3135         1.8674         1.0650        -2.9722
ss_28           143          -1.2572        -3.1346        -0.9038         5.2417         8.3214
ss_28           144           5.1615         6.2452        11.7713        20.1456        24.7050
ss_28           145           8.9557        11.1992        14.1157        12.7566         5.6480
ss_28           146           5.6226        15.7567         4.5774         9.9164        -0.0625
ss_28           147          -4.4555        -7.0718         2.7637         1.6711        -9.2144
ss_28           148          -1.9682        -3.5989        -2.3552        -0.4905         2.7917
ss_28           149          -0.1047         0.7475        -0.7209        -5.9587       -12.6605
ss_28           150           4.5603         6.9328         1.8756         1.6806         4.5147
ss_28           151          -6.1466       -10.4412        -2.4949        -3.2176        -5.8619
ss_28           152           1.2303         9.6946        -3.7785        -0.7507         1.2149
ss_28           153          -3.0970        -1.1834        -0.3624         1.2170         2.5816
ss_28           154           5.6423         7.0520         8.2586        11.9899        13.8787
ss_28           155          -0.0708        -0.8896         3.2816         8.2675         6.1073
ss_28           156           8.0293        13.1035        12.0494        11.8393         8.5781
ss_28           157           2.4739         3.3560         8.1738         9.1327         3.8036
ss_28           158          -0.7957        -0.9018         0.8343         5.3058         7.5266
ss_28           159          -0.5080        -3.5272         1.2021         1.5279         1.5577
ss_28           160          13.1908        16.3592        16.0633        13.3634        12.6122
