Filename       Segment   T308T348Fz-ASNM T308T348FCz-ASNM T308T348Cz-ASNM T308T348CPz-ASNM T308T348Pz-ASNM
ss_24             1           2.9955        10.6442        10.4140        12.2067        12.4882
ss_24             2           5.5746        -3.2057        -8.4919       -12.3659       -13.2796
ss_24             3          13.0072        13.4145         7.3054         3.7967         1.8551
ss_24             4           4.0837         8.8654        12.1646        18.5524        21.2334
ss_24             5          14.3165        21.6023        22.1765        23.5763        22.6954
ss_24             6          12.8203        18.3719        24.3203        29.7138        29.8258
ss_24             7          14.1657        17.0236         7.8404         7.4154         8.9416
ss_24             8          37.8959        29.8281        28.8981        29.2796        32.6732
ss_24             9           6.0372         7.0669         6.9973        11.8884        16.1403
ss_24            10          18.7003        18.6900        23.2479        26.7842        26.7581
ss_24            11          -4.2045        -5.6345        -0.7556         3.1742         5.7294
ss_24            12          20.0593        19.5574        20.0356        20.6975        22.0683
ss_24            13          17.9706        12.0904         5.6094         6.5922         6.9861
ss_24            14          12.3072        20.2774        10.3857        10.4631        11.1426
ss_24            15           7.9077        11.3315        -0.3393         0.7297        -0.2466
ss_24            16          40.0405        34.3232        28.2516        22.9757        21.6867
ss_24            17          17.7430        20.8836        17.3936        12.8717         8.9148
ss_24            18          21.6078        17.9854        17.2150        12.1258         8.4082
ss_24            19           8.4417         3.2872         5.7135         4.4397         5.4355
ss_24            20           9.3528         3.8655         9.7028        14.9335        17.8191
ss_24            21           4.3177         1.1406        12.0562        16.8365        17.2237
ss_24            22           5.8850        16.6656        14.3715        16.8950        20.3041
ss_24            23         -28.8120       -21.5584       -19.3722       -21.6085       147.4853
ss_24            24          14.3399        12.2593        18.8222        18.6748        10.1381
ss_24            25           -.----         -.----         -.----         -.----         -.----
ss_24            26          14.5403        14.2580        11.0188         4.6955        -0.9725
ss_24            27          19.2154        31.2370        21.7091        21.3639        18.9131
ss_24            28           6.2961         5.0394         6.4368         8.5759        14.3066
ss_24            29          12.4054        14.8619        15.4750        19.1498        24.9480
ss_24            30          11.4381        19.5655        24.8529        24.3479        23.0276
ss_24            31          36.1787        35.3067        28.5214        26.2550        23.9286
ss_24            32          29.2798        45.8493        29.9272        28.5119        22.8948
ss_24            33          27.7672        28.5005        26.5485        27.4929        23.5111
ss_24            34          18.1525        25.3692        17.6222        17.7214        20.2272
ss_24            35          25.6614        23.7250        25.1604        29.2587        30.7591
ss_24            36          24.1275        19.1297        27.7506        26.0374        19.9917
ss_24            37          15.1987         8.2899        10.6101        13.3360        17.7551
ss_24            38          15.9114        19.5883        23.7883        28.4441        29.7410
ss_24            39          34.7379        35.9851        31.5726        26.4745        23.5730
ss_24            40          36.1069        30.8358        24.5217        24.6220        24.7486
ss_24            41          29.1915        33.5106        18.9698        20.1630        21.0837
ss_24            42          26.7103        21.3895        20.2823        19.7679        20.7989
ss_24            43          15.9084        18.3859        21.9256        23.3951        23.8566
ss_24            44          23.0015        28.6570        23.2101        22.9216        24.6548
ss_24            45          41.7027        40.3987        37.1351        33.7979        28.7988
ss_24            46           4.5751        -6.9161        -8.0728        -8.2541        -9.2127
ss_24            47          23.7487        30.0530        29.3168        28.6720        26.5810
ss_24            48          21.4857        24.0297        16.0828        15.1295        16.2421
ss_24            49          18.9241        28.2632        25.0562        22.0117        16.8050
ss_24            50          24.3249        24.0731        19.2633        18.9363        16.5261
ss_24            51          -1.3900         1.4970         2.9962         7.0135        11.8927
ss_24            52          18.3245        18.6913        17.9493        21.6906        27.3836
ss_24            53           0.8208        12.1100         6.3309         7.5115         4.8678
ss_24            54          11.6622        11.3435        15.8579        20.4981        21.5305
ss_24            55          31.8228        28.7648        30.0103        29.9893        29.7030
ss_24            56          15.6064        15.7430        12.1776        12.5653        15.3671
ss_24            57           2.0347         1.6303         8.9875        14.2952        15.9217
ss_24            58          11.0581        16.2750        15.9464        21.8621        24.4461
ss_24            59           -.----         -.----         -.----         -.----         -.----
ss_24            60          23.4005        30.2566        30.9077        32.8691        34.1494
ss_24            61          14.4884        27.8557        18.9389        19.3201        20.5249
ss_24            62          18.2089        29.6793        21.3886        16.6037        12.2173
ss_24            63          22.2560        32.3271        23.2411        26.1985        25.9057
ss_24            64          13.7476        18.2390        20.3424        21.9806        24.7834
ss_24            65           2.4421         4.1971        11.7031        17.0003        20.9484
ss_24            66          21.7288        19.9968        20.4250        25.1922        29.9640
ss_24            67          18.0774        13.2960        17.5861        22.4816        27.2357
ss_24            68          -4.0412         1.4793         5.1302        12.3844        17.4903
ss_24            69           7.8320        13.4846        16.5591        24.3620        30.3673
ss_24            70          12.9862        10.7940        16.0043        22.9824        27.6262
ss_24            71           1.7076        -0.4461         4.9302        10.8711        18.4058
ss_24            72          12.3696        10.6154         7.9122         7.5132         9.2276
ss_24            73           3.8680         1.8818        -6.9218        -8.2805        -8.0883
ss_24            74          15.0744        17.7337        25.9584        29.4888        30.2065
ss_24            75          16.4943        15.2191        26.5735        36.1876        38.0984
ss_24            76          31.5921        29.4473        31.1376        36.7245        37.1749
ss_24            77           9.7084        13.9490        13.1217        15.0083        17.7907
ss_24            78          -8.2583        -8.9329       -12.1855        -7.9434        -0.3559
ss_24            79          26.5514        27.8787        18.6444        20.3312        17.9683
ss_24            80          19.8960        26.3185        22.1156        19.1164        14.0299
ss_24            81          19.8476        17.3137        15.1104        18.3697        21.2696
ss_24            82          13.6330        13.3408        16.9142        19.1550        21.3501
ss_24            83           3.2688         4.0173         8.0522        14.8016        16.5316
ss_24            84           5.7314         8.3931         1.6987         0.5272        -0.2354
ss_24            85          14.4636        27.0458        35.3402        38.2383        34.2218
ss_24            86           6.6814        13.4777        12.7479        16.1561        18.9786
ss_24            87          36.6368        40.5379        31.2303        33.9050        30.8019
ss_24            88          25.3967        13.8473        14.0318        19.8755        21.5538
ss_24            89          -6.8487        -8.4514        -2.4972         3.4177         8.4958
ss_24            90          13.2604        15.0597        10.9046        10.8449        11.4962
ss_24            91          20.5817        22.0473        18.6587        26.4639        34.8477
ss_24            92          21.1767        17.7391        28.8007        34.2314        38.0862
ss_24            93           4.4527        -1.3955        -1.0680         0.7323         4.2089
ss_24            94          19.1163        19.7660        20.8653        19.3866        18.1115
ss_24            95          11.2876        15.8724         7.4024        11.6232        15.1914
ss_24            96          -9.8334        -9.8377        -7.2211        -6.2077        -3.3730
ss_24            97          -3.0596        -0.2162         2.5869        13.1591        19.8553
ss_24            98          13.8959        13.4754        14.6709        14.8201        16.2814
ss_24            99          17.5651        21.5723        19.4438        23.4327        26.9289
ss_24           100          16.8233        11.6736        17.8668        18.8970        20.8602
ss_24           101          -3.3967        -7.1550        -5.5390        -2.5190         4.0206
ss_24           102           2.3375         8.5569        12.5315        19.8574        24.9299
ss_24           103          20.5130        17.1035        20.1499        19.7010        18.6797
ss_24           104          25.3387        27.8681        32.2538        30.9423        29.4577
ss_24           105          12.1368        13.9476         8.2092         9.1336        10.0605
ss_24           106          19.2551        38.5519        18.7885        24.8875        25.2424
ss_24           107           1.4419         9.4170        13.1501        18.9435        25.9886
ss_24           108          24.1022        21.2196        14.0723        15.2931        12.4517
ss_24           109          17.2122        28.8860        31.4812        30.8543        29.7545
ss_24           110          16.0366        16.1970        16.8569        12.8783         8.1007
ss_24           111           7.9671         3.9512        12.8078        15.7597        18.7678
ss_24           112          18.0574        23.8989        16.1059        21.4254        27.3270
ss_24           113          37.1929        32.7783        23.0432        17.8346        12.0732
ss_24           114          19.9520        23.9687        20.2298        21.8328        23.1681
ss_24           115          18.3969         3.4441         6.1535         9.7950        11.7864
ss_24           116          23.3794        28.5845        21.5779        21.4425        23.9934
ss_24           117          33.7815        31.3957        31.8475        31.5746        29.6863
ss_24           118          15.4273        14.2180        18.5763        22.3959        20.0781
ss_24           119          20.8116        26.6681        23.4370        21.0291        19.9544
ss_24           120          23.0235        18.5762        22.0044        22.8500        20.3073
ss_24           121          21.3593        15.3181        24.4098        24.1081        22.7041
ss_24           122          30.4203        30.8165        25.4542        29.5589        33.9038
ss_24           123           9.8831        19.2909        20.9491        21.2198        20.2199
ss_24           124          13.2613        10.0203        14.1306        16.0134        19.4689
ss_24           125          27.7629        32.3586        20.9213        19.0097        20.8145
ss_24           126          27.9113        39.6070        36.4628        32.9412        26.3070
ss_24           127          15.7867        12.2362        16.8685        17.6465        19.5183
ss_24           128           3.5273         1.6100         7.8967        13.9477        17.7854
ss_24           129          13.0446         5.2866        11.2819        15.1840        16.9166
ss_24           130          15.2133        12.9462        16.0200        22.7389        26.1645
ss_24           131          18.3253        13.5366        17.5191        25.4250        32.9446
ss_24           132          22.4875        23.0135        27.8677        28.4409        29.7149
ss_24           133          35.6462        24.9756        29.2431        29.2839        27.2436
ss_24           134          26.7192        40.4949        26.1037        25.2272        26.4574
ss_24           135           6.3123         7.8452        11.1524        13.5005        16.3551
ss_24           136          17.5891        19.7307        24.0731        26.4455        28.6669
ss_24           137          21.8211        21.1548        24.6305        26.1385        25.7858
ss_24           138           8.9839        17.8561        15.0758        19.1361        17.4272
ss_24           139           9.8344        10.6508        11.5487        11.8762        12.6956
ss_24           140          -0.0282        -3.2317         1.3773         6.6839        10.0366
ss_24           141          23.6509        31.8496        24.8271        25.0987        24.3313
ss_24           142          23.6728        26.5125        23.6380        23.3204        24.5860
ss_24           143          24.4376        23.8329        18.2375        14.3157        11.7862
ss_24           144          33.3394        39.8573        30.0274        30.7760        30.6538
ss_24           145         -14.2516       -17.2307       -10.2599        -9.3180        -8.9473
ss_24           146          25.3669        28.5211        27.6755        30.8237        32.2137
ss_24           147          31.5157        27.7857        30.0673        35.0020        36.4066
ss_24           148          -8.9633       -10.3827        -3.4897         2.6483         7.4536
ss_24           149          23.5881        16.5616        22.0560        25.4065        23.7890
ss_24           150           7.3835         5.4379        10.5787        15.9952        20.6787
ss_24           151          20.8682        23.7673        31.9799        30.6256        26.0659
ss_24           152          10.6705         8.2006        16.3658        22.4660        25.3900
ss_24           153          38.3101        38.3147        26.3554        19.3955        14.0149
ss_24           154          -6.7051        -3.0092         1.7113         6.7735         6.8929
ss_24           155          13.3884         9.0381        13.8771        17.5608        21.3406
ss_24           156          28.0024        17.4458        14.0204         5.3589        -6.0712
ss_24           157          28.1945        35.5599        22.3474        21.6647        21.1107
ss_24           158          12.8773        20.2378        13.1709        10.5828         9.8176
ss_24           159         -13.0699       -22.9287       -13.7490       -10.4037        -6.2840
ss_24           160          10.6018        11.5311        10.0145        11.7218        10.1640
