Filename       Segment   T212T252Fz-ASNM T212T252FCz-ASNM T212T252Cz-ASNM T212T252CPz-ASNM T212T252Pz-ASNM
ss_24             1           1.6075        11.3126        14.8860        16.5767        16.4402
ss_24             2          11.3675         3.4002        -0.9143        -4.5939        -9.3977
ss_24             3           5.5448         4.4870         5.4551         8.2301        13.0455
ss_24             4          -7.9185        -2.6209        -1.8477         0.8192         5.5487
ss_24             5           3.6222         6.7912         8.1873         3.2288         1.1565
ss_24             6          -8.4598       -11.5750        -8.0022        -6.7210        -7.0677
ss_24             7           1.0219        -1.2234         0.0914        -3.5064        -5.1462
ss_24             8          12.5440         4.8097         5.3426         2.6749         3.1239
ss_24             9           8.4040         9.2796         4.7980         2.5317         3.8074
ss_24            10         -12.1691       -13.0201        -6.7245        -4.8818        -4.6462
ss_24            11          -9.6709        -5.5084         0.3582         0.0554        -0.1771
ss_24            12          -2.5627        -3.6182         0.8270         3.7668         5.9804
ss_24            13          17.5526        17.7753         9.2985         4.6343         3.5361
ss_24            14           5.5476        11.5064         6.0663         0.9016        -0.8210
ss_24            15           2.2787         9.7964         2.2922        -0.5312        -4.0842
ss_24            16          11.5289        12.6665         5.5986         4.7476         5.5574
ss_24            17          10.5544        11.6956        13.7577         6.9667         1.8953
ss_24            18          14.1352        11.4244         9.6471         5.1775         4.3125
ss_24            19           5.1308         5.0252        13.4877        16.0197        15.3329
ss_24            20         -14.6164       -17.3300        -6.8770        -5.5313        -5.0910
ss_24            21           0.8718        -6.2931         1.9062         3.6395         4.2893
ss_24            22         -14.8739        -5.7431        -3.6840        -2.1664        -0.4087
ss_24            23         -36.4207       -33.3068       -27.2000       -22.9769       117.5924
ss_24            24          15.7766        13.8262        14.8001        12.2512         7.5059
ss_24            25           -.----         -.----         -.----         -.----         -.----
ss_24            26           3.2868         0.7747        -3.4438        -7.8382        -9.4770
ss_24            27          14.3289        23.4789        13.0341        12.1909        10.8292
ss_24            28           2.1407        -1.9463         1.1988        -4.0003        -4.0528
ss_24            29          10.0385        13.1736        11.8983         8.8372         9.2907
ss_24            30          -1.2977         2.7774         5.8358         2.0074         2.5191
ss_24            31          -4.2793        -0.2738        -4.3565        -5.6873        -5.1266
ss_24            32           4.7492        16.4118        13.4939        17.1406        17.6930
ss_24            33           5.6565        -3.8773        -2.1577        -1.9420        -1.6502
ss_24            34          -5.4805        -3.7663       -12.9650       -15.1163       -13.6653
ss_24            35          10.9477         4.4196         4.4331         2.7776         3.2854
ss_24            36           1.1607        -1.7859        -2.9511        -6.1685       -11.2350
ss_24            37          11.5529         7.8551         5.3213         3.6477         3.6831
ss_24            38          14.6619        20.6030        10.5957         6.8247         4.8541
ss_24            39          10.1724         9.0542         4.0412        -4.1308       -10.4452
ss_24            40          -1.6010        -3.2376        -9.8007       -10.8482       -10.2003
ss_24            41           9.4322        14.0548         6.4972         6.1461         7.1779
ss_24            42          10.2561         4.0040         2.3675        -3.1388        -5.4771
ss_24            43          11.8605        16.5216        19.5976        20.9920        22.6057
ss_24            44         -11.7502        -8.7170        -6.7551        -3.7292        -1.5241
ss_24            45          16.0712        15.2375        16.3633        18.0025        14.5355
ss_24            46         -12.5146       -15.4367       -14.0943       -10.8126       -10.1266
ss_24            47           7.8065        19.2740        17.6349        15.1132        14.1261
ss_24            48           3.1755         4.5206         1.5505        -1.1900        -2.0944
ss_24            49         -12.0914        -2.6007        -2.9825         2.8915         8.1117
ss_24            50           7.6589         8.9846         2.5615        -0.6269        -2.2816
ss_24            51          26.7930        30.6318        27.9526        23.1752        19.1412
ss_24            52          -1.2916        -3.6897        -3.2909        -1.8034         2.8682
ss_24            53          -3.2277         9.7529         7.9755        10.3320         9.9755
ss_24            54           6.6472         2.4548         5.2383         3.6570         2.7261
ss_24            55          14.6130         8.0856         5.3615        -0.5974        -1.0030
ss_24            56         -16.0231        -9.8961        -7.9967        -5.5303        -5.8483
ss_24            57          13.2971         9.6244        16.7779        15.1431        16.4741
ss_24            58          -4.1062        -1.5188         0.2837         1.5626         2.9221
ss_24            59           -.----         -.----         -.----         -.----         -.----
ss_24            60          10.3804        12.3900        17.1448        17.6687        17.6473
ss_24            61          11.8214        21.7627        20.7441        21.2078        21.3045
ss_24            62          -6.7389         1.9965         7.8303         8.7376         7.2741
ss_24            63          11.5606        21.1756        15.5666        16.2864        15.7376
ss_24            64          -1.6342        -0.6142         5.0612         5.8105         7.5768
ss_24            65         -21.4962       -18.6188       -10.3422        -5.7221         0.8712
ss_24            66          21.1118        21.5384        18.4853        14.3932        10.4474
ss_24            67          19.1814        17.8917        13.5320        11.6033        10.4656
ss_24            68         -24.0661       -25.4970       -23.1395       -17.5476       -10.9575
ss_24            69          -5.3628        -0.4089        -5.9360        -5.7825        -4.6109
ss_24            70           8.3237         5.7543        10.8314         9.9666        10.0414
ss_24            71           7.8763        10.9162        10.2987        11.0639        15.7706
ss_24            72          -4.2090        -1.2653         2.4948         6.2280         7.0662
ss_24            73         -15.6657       -19.1487       -24.2422       -23.2059       -23.9193
ss_24            74          -4.5975        -0.7407         8.1622        11.0926        13.2718
ss_24            75           3.7674         6.3676         7.0210        10.8988        13.1445
ss_24            76          31.9427        34.3300        28.1847        27.2088        22.9498
ss_24            77          10.0450         9.2484         9.0384         5.1388         4.5148
ss_24            78         -10.9116       -12.7042        -6.2196        -4.7155         2.6201
ss_24            79          28.0632        31.4575        18.7909        16.9417        15.0547
ss_24            80         -10.3385        -6.4245         0.7256         3.0886         2.9706
ss_24            81          18.5780        19.1056        15.9082        14.7965        15.5128
ss_24            82           9.0996         8.1704         8.4696         7.2867         8.5474
ss_24            83         -18.2587       -14.1493        -7.5249        -2.6055         0.9330
ss_24            84           6.6195         7.8743        -0.2394        -8.8636       -14.0697
ss_24            85          12.1960        19.7569        28.2119        29.1528        27.7301
ss_24            86          -0.6059         1.4114         6.1808         8.2072         8.6511
ss_24            87          15.2436        23.2374        13.8745        10.2338         4.3023
ss_24            88           1.6452        -3.2763        -0.8488         3.6248         3.5800
ss_24            89         -20.6379       -21.3394       -13.8176       -11.7812        -9.0458
ss_24            90          -3.3960        -0.6828        -1.6773        -3.2768        -4.6528
ss_24            91           8.2617         4.2963         2.1495         2.4675         7.8810
ss_24            92          -6.1154        -7.9558        -7.3893        -9.2203        -7.6300
ss_24            93         -16.8029       -22.1517       -18.2051       -17.6416       -14.9730
ss_24            94          -0.2893         1.2534         7.9072         8.8293         8.0879
ss_24            95           0.4715         4.8735         5.0627         7.4258        11.5449
ss_24            96           1.6193         3.1057         2.6702        -1.1477         3.8697
ss_24            97          -1.8332        -1.3996        -5.2888        -5.3531        -7.0138
ss_24            98           0.1844         2.4998         4.9327         1.0906        -1.3785
ss_24            99          18.8059        20.7809        18.3573        16.5168        15.4279
ss_24           100           8.4697         0.9427         8.5525         5.4608         5.0413
ss_24           101           7.2165         4.3982        -3.9176        -7.0381        -4.3718
ss_24           102           3.7655         7.9167         6.5318         6.2537         7.7146
ss_24           103          10.3045         7.4397         7.3444         3.8236         0.1625
ss_24           104           5.8023         3.9348         8.4756         3.9285         5.1687
ss_24           105           4.9738         6.7504         3.8994         2.6029         1.1797
ss_24           106           9.7134        25.4030         3.5656        -1.1672        -5.9137
ss_24           107         -14.9274       -13.9676       -14.7905       -10.5689        -2.5035
ss_24           108           9.9435         8.6952         9.3957         5.1158        -2.3449
ss_24           109           7.8991        11.1814        10.9474        10.4420        10.2294
ss_24           110           8.3496         4.2835         7.4857         4.7458        -0.6834
ss_24           111           5.9487         2.9969        10.0699        10.4335        11.2722
ss_24           112          10.7454        18.4278         6.5967         7.6510         9.8065
ss_24           113          19.8646        16.7431        14.1147         9.1018         8.0306
ss_24           114           2.6583         0.8360        -2.1379        -2.9499        -0.7053
ss_24           115          27.4904        18.2155        20.4924        19.9217        17.8931
ss_24           116          11.7628        14.4077        -1.7871        -6.1089        -4.2196
ss_24           117          23.9343        25.3409        22.4330        15.6144         9.7002
ss_24           118           1.8704         1.4534         2.6528         3.2564         0.2582
ss_24           119          -0.7946         1.7712         2.5918         1.7671        -1.0981
ss_24           120          27.8091        30.2283        30.0068        27.4942        22.9918
ss_24           121           0.7780        -2.7564         4.2693         2.4505         0.2990
ss_24           122           9.4694        10.3672         8.7734        12.8144        18.2921
ss_24           123          -2.2189         5.3532        11.3853        16.5417        18.8061
ss_24           124          -3.1208        -9.8443        -3.3479        -5.8319        -5.2789
ss_24           125          10.9876        14.0558        11.2089         8.3674         8.7608
ss_24           126          -2.4384         5.2387         4.8388         5.8034         7.3770
ss_24           127          30.3648        26.3590        31.0272        32.3145        29.1418
ss_24           128          -2.1573        -7.0968        -0.8687         1.5448         3.5154
ss_24           129          21.6675        13.1344        17.9373        13.4065         9.5778
ss_24           130          15.8723        15.6615         7.4743         7.4473        11.1289
ss_24           131           7.9723         7.5317         8.2089        11.6595        13.7627
ss_24           132           3.2494        10.6356        17.0347        17.8657        20.4168
ss_24           133          12.3705         6.9796        14.2674        11.7472         9.1065
ss_24           134         -16.2746        -5.2797        -3.8257         0.0476         3.7039
ss_24           135         -11.8054       -11.6829        -7.6653        -6.2434        -3.9120
ss_24           136          22.1144        24.6255        21.2517        23.2631        22.4480
ss_24           137          -2.6086        -3.9716         5.1456         8.3726         9.6958
ss_24           138          -3.5557        -2.2096        -2.2781         1.2121         5.6220
ss_24           139          11.5803        16.6602        16.5351        15.1819        13.6291
ss_24           140          -1.9672         0.7275        -0.8140        -1.3193        -1.8617
ss_24           141          20.6679        32.1451        24.8569        18.9385        13.6331
ss_24           142          24.4697        29.5567        22.7467        17.3857        13.8452
ss_24           143          15.9014        18.9863        17.8651        15.4051        13.1351
ss_24           144          10.7864        10.7591         0.3224        -4.1202        -6.9423
ss_24           145         -11.2357       -16.5882       -14.4675       -17.5474       -20.3367
ss_24           146           0.7605         1.7215         3.9388         6.9318        10.2504
ss_24           147          15.6678         8.1124        12.9027        17.1311        17.6896
ss_24           148          -3.3376         0.1400         7.6025        11.7705        14.8868
ss_24           149          -4.2248       -10.1584        -9.8592        -8.2377        -9.8730
ss_24           150         -15.8205       -18.2443        -4.0332        -0.6952         0.7999
ss_24           151          13.4934        14.5872        14.9252        12.1492         8.9782
ss_24           152           7.0856         5.7757        15.3448        17.1999        18.2538
ss_24           153          20.6070        19.1601        13.4869         5.9234        -1.0807
ss_24           154          -7.5913        -6.0202       -10.0637        -3.4894        -0.1662
ss_24           155          -4.2053        -5.0889        -1.1292         1.4996         4.0083
ss_24           156          28.6904        26.2567        21.0094        11.7862        -0.8895
ss_24           157          12.3908        20.1699        12.3349        11.3368        10.6957
ss_24           158           8.1288        15.2007        10.3596         5.9686         3.5719
ss_24           159          -2.9948        -7.5479        -6.7335       -10.1033        -9.2301
ss_24           160          16.5427        14.4256        11.3453         5.3400        -2.7191
