Filename       Segment   T208T248Fz-ASNM T208T248FCz-ASNM T208T248Cz-ASNM T208T248CPz-ASNM T208T248Pz-ASNM
ss_27             1           0.2602        -2.6780         0.8607        -6.7929        -8.4819
ss_27             2          14.7661        16.3878        19.5936        13.5491        12.2887
ss_27             3           8.2844         2.0176         2.8131       -10.7657       -12.6054
ss_27             4          36.5015        28.6836        15.2363         4.6369        -0.9769
ss_27             5          -3.0663        -5.1239        -3.0006        -2.7821        -2.2024
ss_27             6          17.5735        14.3146        11.0500         6.9266         8.1672
ss_27             7          16.9238        13.6379        12.3203         7.7987         6.4255
ss_27             8           0.8005        -2.0216        -2.4368        -6.5244        -8.4729
ss_27             9           0.8160         0.2785        10.9663        -2.6183        -4.7882
ss_27            10           3.3288         0.6546        11.8804        -1.2445        -2.7918
ss_27            11           5.4418         6.3935        -4.9112        12.1763        14.0139
ss_27            12          26.7794        28.8571        27.2332        20.2061        17.6959
ss_27            13          11.5778         7.4543        35.9854         2.4197         3.1918
ss_27            14          14.1579         5.5667        -2.5658        -2.3066        -4.3195
ss_27            15          -2.0192        -2.2270         4.0366        -2.6849        -0.8872
ss_27            16          23.9155        31.2844        34.3935        29.8119        24.9847
ss_27            17          41.4750        39.7279        32.4048        27.0958        23.1390
ss_27            18          19.6143        19.1247        16.2484        13.2474         8.4545
ss_27            19          22.3393        17.3727         8.0135         7.1718         2.8780
ss_27            20          15.2207        12.5186         5.5512         9.5791         7.0404
ss_27            21          11.6740        12.1344         5.8598         4.4697         2.1405
ss_27            22          26.7686        21.0618        14.0333         9.8347         5.4169
ss_27            23          21.5615        24.5483        31.2084        23.3026        19.8642
ss_27            24          13.8093        18.1783        17.3478        18.5204        16.6415
ss_27            25          42.0588        48.2304        44.7615        36.3086        29.3068
ss_27            26          21.5421        19.1233        17.6130        10.1675         7.7389
ss_27            27           4.2604         7.7679        16.8128        10.7994        11.4200
ss_27            28          29.9481        26.0011        22.7689        15.8148        11.9581
ss_27            29          34.7477        26.1536        22.9971        11.4123         9.1760
ss_27            30          14.1312        19.6063        17.4184        13.8981        10.9624
ss_27            31          46.0799        49.5366        41.3746        42.8134        36.6032
ss_27            32          13.0178        17.3934        20.8257        18.5257        14.1751
ss_27            33           3.9702         7.0761        13.3641        12.8457        13.4487
ss_27            34          19.9092        28.9789        29.7661        26.5812        21.4551
ss_27            35          17.1131        21.0739        26.1187        24.0818        21.5481
ss_27            36          21.4176        19.5308        25.4415        18.9515        17.5894
ss_27            37          16.9896        15.7149        15.3732         5.2178         0.9109
ss_27            38           1.6048         2.6344         7.2249        -3.2771        -5.2315
ss_27            39          11.5548        10.5656         9.8459         2.2993        -0.8059
ss_27            40           -.----         -.----         -.----         -.----         -.----
ss_27            41           9.5013        16.8844        24.2148        11.9429         9.5181
ss_27            42          10.8915         7.0715        -8.1363         1.9402         2.1124
ss_27            43          26.9528        30.0049        33.1536        24.2642        19.4728
ss_27            44          16.5479        23.3062        31.6743        17.2161        13.3483
ss_27            45          37.4258        42.7814        47.5767        29.4284        21.7690
ss_27            46           1.7059        12.1823        31.1765        10.0242         6.7518
ss_27            47          12.7624        13.8593         4.5604         8.6622         7.5073
ss_27            48          20.8320        18.8142        20.3979        13.2149        12.0840
ss_27            49           4.3109         5.9379        15.3410         9.0979         8.4149
ss_27            50          36.0807        33.1562        24.9554        23.9791        18.7860
ss_27            51           2.4161         5.4524        16.9257         7.9412         8.5235
ss_27            52          12.9187        14.9289        14.6237        15.9631        13.9755
ss_27            53         -10.0575        -3.3027         4.6234        -4.0078        -5.6520
ss_27            54          14.9318        22.2621        34.6189        18.9062        15.6222
ss_27            55          33.8768        34.7971        34.3607        23.0712        19.2748
ss_27            56          -2.7085         5.5800        27.5752        14.0028        12.3480
ss_27            57           1.3535         7.0615        15.7072         7.8058         9.5987
ss_27            58          -7.3550         3.6280        21.8105        13.9788        11.3976
ss_27            59          16.2340        14.4262        14.7527         5.4930         1.7846
ss_27            60          -8.5774       -11.6687        -3.8266        -5.7903        -3.9266
ss_27            61          14.9377        12.0089         9.6108         0.5894        -1.5642
ss_27            62         -17.3774       -17.2627        -5.2441       -11.3105       -10.5965
ss_27            63          10.9233        19.0697        17.1302        19.1500        17.8904
ss_27            64          11.3139        15.2067        22.3737         9.5838         6.9079
ss_27            65           6.4642        11.5571        26.8843        13.1520        12.1744
ss_27            66          -3.7200         4.5020        25.3492        12.4998        14.1259
ss_27            67          21.8391        26.2286        31.0209        28.5976        27.5355
ss_27            68           0.7283         9.0758        17.9460        11.3301         8.7151
ss_27            69           8.2718         8.1832        20.7861         3.7932         1.9127
ss_27            70          10.3830        19.0526        25.0056        16.3772        15.1718
ss_27            71           1.1911         4.8328        12.6229         3.5810         1.2012
ss_27            72          40.5245        39.2577        34.0205        26.0607        19.6045
ss_27            73          -7.3078        -0.5259        18.7509         0.1565         1.4658
ss_27            74           3.7345         8.7516        12.3087        10.5729         9.1001
ss_27            75          -8.0906        -4.4233         4.9623         0.6267         4.0692
ss_27            76          13.8256        16.4262        17.3587        12.4538         9.4151
ss_27            77          20.1912        29.7184        37.1678        22.2499        18.0789
ss_27            78          -3.5451        -2.2327        22.6319         5.0744         9.8371
ss_27            79          10.3803        20.3606        31.9155        24.7581        21.9365
ss_27            80          12.2043        13.1068        17.6380        14.6991        15.4345
ss_27            81           0.6100        -0.9190        -0.9641        -1.8921        -0.2440
ss_27            82          17.4966        23.5305        29.3762        13.3618         7.2773
ss_27            83           7.8874         7.0742         6.3740         0.5752         2.7298
ss_27            84          34.4848        31.4225        30.4138        17.1833        12.3930
ss_27            85          31.6654        37.3999        84.1510        44.0165        50.5490
ss_27            86          11.7223        14.6209        19.5863        11.4602         9.5840
ss_27            87          27.0910        28.6521        36.7035        26.2901        22.8725
ss_27            88          50.1602        55.0011        63.7232        47.2752        40.5998
ss_27            89          15.7387        18.6065        24.0229        12.0741         8.7748
ss_27            90          -1.7300         8.1336        22.3758        19.4912        19.9026
ss_27            91          -3.5196         2.9546         7.8559         4.8063         1.6173
ss_27            92           -.----         -.----         -.----         -.----         -.----
ss_27            93          -1.2978         3.8849         8.4809         7.9089         8.0197
ss_27            94          27.8562        27.8530        22.0129        11.7977         7.2637
ss_27            95          29.4688        27.0499        23.7202         8.0318         2.6934
ss_27            96           -.----         -.----         -.----         -.----         -.----
ss_27            97           0.8502        10.1942        33.3972        10.9384         8.3448
ss_27            98          45.5487        50.2316        52.2194        40.4234        36.7907
ss_27            99           8.1911        16.0462        25.9180        16.2815        11.2488
ss_27           100           5.8580         7.5479         4.7323         9.5205         7.2775
ss_27           101          16.9954        16.9038        12.0255         9.5876         7.7138
ss_27           102          15.8727        22.3803        24.8689        20.9628        18.6088
ss_27           103           6.7858        17.9142        37.9307        12.0088         8.5302
ss_27           104           1.9262         4.8301       -13.8933        10.8685        14.2354
ss_27           105          24.8781        27.1079        23.2710        19.8556        18.0528
ss_27           106           2.0282         4.4174         0.3100         1.8980        -1.3772
ss_27           107          75.3894        78.4241        88.1298        53.6362        61.7850
ss_27           108          36.3959        41.7391        47.8403        29.1051        24.6753
ss_27           109          13.2773        17.3572        31.1554        25.5713        24.6933
ss_27           110          10.3438        20.6657        34.9800        24.8299        25.3867
ss_27           111           -.----         -.----         -.----         -.----         -.----
ss_27           112          22.3438        24.0266        21.2821        20.8848        19.6165
ss_27           113           -.----         -.----         -.----         -.----         -.----
ss_27           114           8.3790        12.3195        11.9331        18.5075        16.2108
ss_27           115           -.----         -.----         -.----         -.----         -.----
ss_27           116          17.2914        19.7772        20.7335        14.5358        15.4028
ss_27           117          23.1137        23.1958        24.2552        17.7480        14.8875
ss_27           118          25.0647        27.4726        26.8477        18.6441        11.3324
ss_27           119          14.9963        14.9684        19.9144        12.4906         9.2741
ss_27           120          21.5043        26.4530        33.0268        25.5913        21.7245
ss_27           121          19.1889        18.9467        19.6983        13.9238        16.7209
ss_27           122          -6.0025        -2.8967         5.6463        -1.1583        -2.7599
ss_27           123          -3.3827        10.6675        43.4081        33.1847        11.6930
ss_27           124           -.----         -.----         -.----         -.----         -.----
ss_27           125          27.7980        31.2627        39.3441        22.6708        22.1681
ss_27           126          23.2293        22.1808        20.5816        11.4243         8.3067
ss_27           127           8.7973         7.5932         5.8445         3.1403        -1.5510
ss_27           128          41.4626        42.9967        27.6791        13.9292        10.6151
ss_27           129          23.4676        25.7325        26.1957        21.0641        20.9419
ss_27           130          21.3361        20.3867        16.2094         8.8245         7.1616
ss_27           131           3.6802         2.4569         4.1730        -3.5289        -0.2793
ss_27           132          19.2553        21.2557        25.2681        23.7010        22.2206
ss_27           133          24.3623        28.9276        34.2852        24.0671        22.4889
ss_27           134           2.4812         6.6193        10.5860         6.7396         6.6472
ss_27           135          25.2229        26.6532        32.3182        25.2946        22.3238
ss_27           136         -24.8610       -12.9860        16.1204        17.2192         6.3026
ss_27           137          33.6314        37.4701        47.7464        31.9495        22.2562
ss_27           138          26.3392        30.0896        26.6587        20.4409        14.4329
ss_27           139          35.9622        37.8505        69.7254        24.9111        28.3670
ss_27           140          11.3730        11.3280        -9.6976        -2.1047        10.1346
ss_27           141          36.4357        41.6716        56.2104        44.3837        36.1286
ss_27           142           7.9508        11.5485        36.0341        23.8412         4.8452
ss_27           143           8.3885        15.5963        42.4692        35.3080        21.3352
ss_27           144          26.1074        36.4145        48.0513        43.4145        37.4773
ss_27           145          22.1424        21.3793        24.0439        16.0570        14.7476
ss_27           146           -.----         -.----         -.----         -.----         -.----
ss_27           147          20.5501        26.5926        25.9172        22.4052        26.8680
ss_27           148          13.1469        18.2380        22.3574         7.4146        10.1298
ss_27           149          19.1165        22.8309        31.5004        18.6858        12.1066
ss_27           150           -.----         -.----         -.----         -.----         -.----
ss_27           151           2.9932        14.7995        39.5333        25.7298        19.3447
ss_27           152          23.8140        22.5328        20.2681         8.5359         7.2566
ss_27           153          28.9046        25.6304        -7.9669        13.4885        25.4588
ss_27           154          29.5596        30.1602        13.7012         6.5604        17.6707
ss_27           155          12.1248        10.6698        -2.7423        -3.2662         5.2473
ss_27           156           -.----         -.----         -.----         -.----         -.----
ss_27           157           3.7435        10.8352        18.0409        11.3023        13.3862
ss_27           158           8.8432        12.2158        20.5801         8.5405        -2.2909
ss_27           159           7.3516         5.5886         7.4939         5.4286         4.0575
