Filename       Segment   T316T356Fz-ASNM T316T356FCz-ASNM T316T356Cz-ASNM T316T356CPz-ASNM T316T356Pz-ASNM
ss_30             1          -3.7271        -1.0946        -3.5492        -2.2721         0.0760
ss_30             2           -.----         -.----         -.----         -.----         -.----
ss_30             3           -.----         -.----         -.----         -.----         -.----
ss_30             4          -6.1894       -16.1103       -11.0508        -9.8104       -19.3544
ss_30             5           -.----         -.----         -.----         -.----         -.----
ss_30             6          50.9534        26.1872        31.9847        25.2975       -15.8221
ss_30             7          23.6825        15.2298        13.1791        10.3849         9.6097
ss_30             8         -10.5005       -14.9369         6.8746        13.9617        -2.6091
ss_30             9           -.----         -.----         -.----         -.----         -.----
ss_30            10           2.5749         1.7389         8.6143        13.0040        11.0886
ss_30            11          16.3738        19.6872        20.7227        22.4132        26.4752
ss_30            12          31.3949        24.4852        16.3198        12.8843        15.6395
ss_30            13         -12.4999        -8.8441       -10.6724        -9.3052        -4.0834
ss_30            14           5.3908         3.2999         0.0574         4.2519        -5.7884
ss_30            15          -2.1408         5.4385         2.2990        -0.3254         1.7950
ss_30            16           5.5625         3.3226         2.2940         2.0412         8.0912
ss_30            17          -8.6589        -1.5007        11.9762        20.2508        30.2873
ss_30            18         -85.3276       -57.7625       -41.4692       -30.6057        39.8155
ss_30            19          27.5481        29.5165        31.8834        33.9223        32.4687
ss_30            20         -28.3817        -2.9209         4.2357        13.1735        72.2216
ss_30            21         -16.0777       -16.3494         4.3889         8.6264        16.3095
ss_30            22          48.5869        18.8897        43.8170        35.8620       -60.6584
ss_30            23          -7.0081       -16.7429       -13.3872       -13.6273         7.2868
ss_30            24         -57.8373       -53.7191       -55.0449       -59.4436       -50.4366
ss_30            25          21.1445        15.5478        17.1226        16.6572         8.7229
ss_30            26           6.4495         8.1656         7.3777        10.1878        14.1814
ss_30            27          54.8831        44.9022        43.9440        39.4907        11.9291
ss_30            28          12.5065        -7.5054        10.9540        14.6018       -36.7135
ss_30            29          36.2141        25.8453        39.4926        41.6187        -1.8098
ss_30            30          11.6606        11.0367        20.2699        29.2848        17.9701
ss_30            31          22.0371         3.6988        13.7442         8.3612       -18.2578
ss_30            32          83.9999        38.8125        47.1483        41.5547       -45.2207
ss_30            33          46.9226        16.2036        44.6780        44.9706       -52.4256
ss_30            34           9.1022        10.9727        22.9367        25.6352        14.5741
ss_30            35         -32.4963       -34.5105       -11.6508        -6.8403        10.7781
ss_30            36           8.9225         7.0659        11.9225         8.1700        -6.5991
ss_30            37          13.7335         4.1479        -3.4181        -1.9210         5.6964
ss_30            38          19.6691        23.7506        23.1732        21.6452        22.7104
ss_30            39          15.3485         9.7756        11.1832         9.8826        17.5261
ss_30            40          21.5234        20.4502        13.2496         6.4060         3.7518
ss_30            41          11.1992        11.7999         6.0312        -1.1452        -3.9977
ss_30            42         -10.5122       -10.2740        -2.7671        -1.4814         1.2935
ss_30            43          10.0375        12.7892        11.5840         5.6437         6.0725
ss_30            44           6.2605         5.4450        -0.6235        -3.0924         4.5679
ss_30            45           8.3277        -6.4070        -0.1612         3.5643         3.7598
ss_30            46          27.7808        20.6873        19.8491        21.7331        23.5649
ss_30            47         -24.8393       -37.2361       -25.3833       -38.8243       -86.6972
ss_30            48          54.7001        52.2419        67.5884        61.8120        27.2698
ss_30            49         -29.7370         9.9424        -7.8033       -10.7455        58.1540
ss_30            50          16.8077        11.8748        -9.1312        -7.8903        36.6161
ss_30            51          22.8634        12.3870        24.4784        38.4045        29.7263
ss_30            52          -7.9199        -2.8025         7.2542        13.7569        15.5199
ss_30            53          -6.8329       -27.9132         4.0374        16.3894        -3.5291
ss_30            54         -20.6359       -29.7540       -20.5401       -17.8387       -15.7261
ss_30            55         -14.2706        -6.2469       -17.0151       -17.1672        -3.3856
ss_30            56          24.5432        20.2662        14.1685         3.7726        -2.1623
ss_30            57         -24.6061       -28.1782         4.6489        10.6404       -48.9417
ss_30            58          34.9290        25.0652        26.3819        23.9045         4.5089
ss_30            59          -1.7513         5.5025         1.6582        -2.5018       -11.3947
ss_30            60          29.9259        25.8385        21.3146        12.3112         1.2702
ss_30            61           0.3235        -4.5073        -4.1691        -7.1427        -2.2861
ss_30            62           8.5277         6.9450        -2.6251        -8.5045       -10.7767
ss_30            63         -14.9143       -20.8951        -3.9611        -3.7823       -18.9956
ss_30            64          19.2619        27.7629        35.2260        43.3393        50.6388
ss_30            65           0.3194        -5.6624        -1.4073        -3.1221        -5.8116
ss_30            66         -13.7192       -16.9130        -7.0417        -6.6942       -15.1167
ss_30            67          -5.5743        -1.0220        -5.7030        -7.6055        -8.0462
ss_30            68          20.3422        24.0072        29.1800        29.7785        28.8933
ss_30            69          -3.7922        -0.4752         1.2615         6.2963         9.6395
ss_30            70          -5.6394       -10.5886        -6.5333        -6.5203        -8.5866
ss_30            71           4.4284         5.9103         8.7825        11.8792        10.9555
ss_30            72         -16.3746       -22.8108       -21.7533       -14.6297       -10.1193
ss_30            73          28.9114        35.0765        38.2495        38.1939        36.0446
ss_30            74           7.8182         4.2716         0.8170         3.0510         6.9558
ss_30            75           -.----         -.----         -.----         -.----         -.----
ss_30            76          -0.8006         0.5592        -5.2281       -11.5055       -10.5524
ss_30            77         -34.6328       -37.9431       -25.8487       -15.8506        -8.0577
ss_30            78          17.8810        11.1635        21.9074        29.2945        10.4558
ss_30            79          22.0880         8.6992         6.7801         3.0667        -1.9970
ss_30            80          20.4710        17.8575        16.3464        11.2768         3.7720
ss_30            81         -12.5753        -9.8129        -4.5618         1.1810        11.8220
ss_30            82          -3.2714       -10.0774        15.1715        14.0765       -31.6411
ss_30            83           -.----         -.----         -.----         -.----         -.----
ss_30            84          37.8848        40.6806        39.5339        35.9539        31.1773
ss_30            85          30.5972        33.9040        29.4347        31.2703        27.0033
ss_30            86          39.3746        34.4201        31.7663        24.5150        10.9174
ss_30            87          53.2398        20.8158        47.6087        40.7513       -22.9107
ss_30            88           8.9659        14.5361        29.9589        30.5213        22.8807
ss_30            89           -.----         -.----         -.----         -.----         -.----
ss_30            90          21.3977        14.0307        21.0613        17.3094         8.7257
ss_30            91          -6.7983         5.9669         5.1940         5.1041       -10.3174
ss_30            92          31.2520        36.9444        41.4419        39.4612        34.5279
ss_30            93          24.9151        23.4854        23.1216        23.9767        26.9205
ss_30            94          24.2715        25.1894        27.3352        26.6930        17.4097
ss_30            95          -4.7996        -4.5000         0.0224         0.4954         0.3977
ss_30            96          21.5888        24.3837        36.1868        44.4929        47.1830
ss_30            97          33.1793        21.0209        22.0180        17.8705       -16.9644
ss_30            98          10.1075        16.9788        23.3355        22.8640        18.5661
ss_30            99           9.4858        13.5330        14.5370        13.4290        13.1266
ss_30           100         -10.0077        -5.3769         1.6874         5.8368         1.4423
ss_30           101          -4.6339        -2.7716        -8.4370       -13.7368       -13.5196
ss_30           102           0.4674         4.0046         2.5075         4.8816        18.3729
ss_30           103          -0.1232        -1.6731         3.1704         3.7387         3.0997
ss_30           104           3.5079        -3.4302        -2.9813         0.3017         5.8231
ss_30           105          16.1242         7.1675        10.4590         6.8182         4.7600
ss_30           106          18.1610        14.4454         7.0601         7.2508         6.6490
ss_30           107          20.6948        22.7642        19.9358        15.8535        12.0800
ss_30           108          17.5725        28.3026        16.7969        17.1037        23.1191
ss_30           109          -5.7225        -3.1464        -6.6766       -11.1626       -12.8054
ss_30           110          -1.6665        -0.7323         3.6917         9.5997         9.2192
ss_30           111          36.4451        36.2697        30.9873        27.1108        25.6877
ss_30           112          21.2887        21.8475        19.4010        18.0905        12.7386
ss_30           113          23.0964        33.4787        30.0769        31.3505        32.5704
ss_30           114           6.8721        14.9078         5.9655         6.0761        24.1104
ss_30           115          -2.9227        -3.5184         0.2398         8.2025        14.7650
ss_30           116           7.7649         9.9562         0.9256        -3.0920        -0.4424
ss_30           117          34.7172        36.3820        30.9259        23.6097        19.6219
ss_30           118          19.3797        15.4701        19.1724        15.9809         5.6367
ss_30           119         -18.8733       -18.4413       -13.5519       -14.3424       -31.4912
ss_30           120           1.7282         6.0446         1.8618        -5.0329       -11.4145
ss_30           121           5.1848         9.6570        19.7677        24.2989        17.7234
ss_30           122          -3.4250       -10.9218       -10.7759        -9.8826        -6.2178
ss_30           123          20.8191        25.8490        27.1481        27.5435        25.5714
ss_30           124           6.9752        17.4557        23.6608        31.2753        43.0585
ss_30           125           7.3101        10.5148         8.4445        13.4805        18.9749
ss_30           126           5.4238         8.4070         2.6046        -0.5844        -2.9632
ss_30           127           -.----         -.----         -.----         -.----         -.----
ss_30           128          20.3367        24.4125        31.6486        33.4862        35.3757
ss_30           129          24.8407        34.3270        34.6727        31.7024        33.6259
ss_30           130          38.8261        14.2718        22.7765        28.8703        44.1734
ss_30           131          14.4087        15.7998        13.2161        11.8920        18.0996
ss_30           132          21.7158        21.1605        23.7999        28.1214        36.7189
ss_30           133          25.1972        26.4283        23.1089        24.5743        19.1661
ss_30           134          -0.5729        -1.3602        -5.3893        -0.4703         8.4377
ss_30           135          13.3230        16.6946         3.4009        -1.0200        -0.0221
ss_30           136          11.0373         7.7124         1.9565         0.9895        -1.7264
ss_30           137         -13.3488       -10.7555       -10.1003       -16.5223       -15.3359
ss_30           138          28.3093        29.4073        33.9075        33.2864        30.4052
ss_30           139          31.9841        28.8701        27.7953        29.8885        27.5565
ss_30           140           2.4463         2.3368         3.8920        -1.5465       -12.5238
ss_30           141         -31.6294       -14.9262       -23.9284       -17.2721         0.4916
ss_30           142           6.3939         2.6517        -5.7591        -7.1909         1.6830
ss_30           143          25.9066        30.7245        30.7256        28.8171        26.6666
ss_30           144          28.8810        13.5247         2.6703        -7.6339        14.9173
ss_30           145          -3.6225        -3.7470         2.1675        11.7690        16.2775
ss_30           146         -16.9818       -14.9089       -10.0455        -9.6832        -9.1680
ss_30           147          20.5436        29.6604        30.0192        29.3644        28.3431
ss_30           148           6.3983         7.1919         7.7372         8.4376        16.6524
ss_30           149          22.8611        24.0093        17.3965        14.4019        12.5694
ss_30           150           3.2104        -6.8734        -2.9315         4.5580        14.8202
ss_30           151          21.1560        13.3104         9.0645         9.6760        10.3862
ss_30           152         -10.6059       -11.9608        -5.3880        -1.4891        -0.2456
ss_30           153           3.1145        -0.4427        -3.6547        -3.5683         0.3654
ss_30           154           9.3398        11.4216        11.1696        15.8662        15.9002
ss_30           155          -5.9567         1.0683        -0.0638         4.3994         4.4145
ss_30           156          16.7183        17.6215        21.1666        21.4419        20.4298
ss_30           157          15.8252        16.2850        12.0127         9.1253         7.0523
ss_30           158          33.0293        38.4320        38.3718        31.3282        27.1389
ss_30           159           -.----         -.----         -.----         -.----         -.----
ss_30           160           7.7553        11.4789        17.7995        23.7587        23.8095
