Filename       Segment   T228T268Fz-ASNM T228T268FCz-ASNM T228T268Cz-ASNM T228T268CPz-ASNM T228T268Pz-ASNM
ss_31             1          14.9090        29.6728        32.4311        18.5399        11.4089
ss_31             2          -5.0322        13.1528         3.1671        -3.2570        12.2506
ss_31             3          -7.9744       -11.9331       -16.3067       -17.7097        -5.5271
ss_31             4         -15.2290       -18.7445        -5.7102         1.7962        12.6665
ss_31             5          -5.6394        -1.4831         2.4361         4.3551         7.6399
ss_31             6           -.----         -.----         -.----         -.----         -.----
ss_31             7           5.8383        27.1754        13.1358        11.3039        16.0238
ss_31             8          -7.4154       -14.0069       -17.5899       -18.8329       -15.7319
ss_31             9          11.5689        15.1909        17.2561        10.8048         6.9586
ss_31            10          -6.3086       -15.8945        -7.7578        -8.3134       -14.9353
ss_31            11         -15.0154       -16.5689        -8.6533        -5.8983       -10.9934
ss_31            12           6.4447        14.2598        10.3631         7.1617         7.5655
ss_31            13          18.6485       -20.9115       -31.3879       -43.1468       -51.1633
ss_31            14           2.8284         7.7456        -0.3104         3.3757        -1.2071
ss_31            15         -33.3405       -16.3439       -22.8583        -5.9855        -3.6045
ss_31            16           4.5761         8.1099         9.5870         5.3095         8.2404
ss_31            17           0.9546         0.5735         2.1738        -1.1602        -4.1078
ss_31            18          -1.9348         3.7637         7.7516         9.2160         6.3937
ss_31            19           0.5312        -2.7490         9.0734         5.4427        13.8389
ss_31            20          -5.5972        -3.3664        -4.2258        -7.3789       -13.3971
ss_31            21           7.6248        12.3975         3.5414        11.7092       -15.2383
ss_31            22          12.6817        -0.7712        -9.0872       -13.2005       -16.7270
ss_31            23          -0.3625         0.8917        -2.7945        -7.0055        -7.1328
ss_31            24          22.9603        22.1739        25.3148        19.8814        12.1908
ss_31            25          28.8925       -36.4010        21.6182        13.6392       -32.7104
ss_31            26          11.2035         6.8406         6.5527         4.1854         4.7184
ss_31            27          26.8690        23.8075        13.8622        10.9102         0.5298
ss_31            28         -11.6219       -15.5392        -3.8885         2.9706         7.9279
ss_31            29           1.4899        -2.8319         0.5435         5.4505        19.3584
ss_31            30         -22.5390       -10.4336        21.0633        25.0727        20.3373
ss_31            31           -.----         -.----         -.----         -.----         -.----
ss_31            32          10.8834         8.3511        10.1031        16.9699        11.7871
ss_31            33           6.9152        -0.8547        -3.2794        -9.3129       -11.8518
ss_31            34           7.6612         1.7968        -6.7909        -7.6254       -11.0468
ss_31            35          -2.7504         6.3944         6.8362         4.7921         6.9301
ss_31            36         -11.3711       -10.7284        -0.6767        -9.1325       -12.6299
ss_31            37         -16.0392         0.1487        -8.0428        -6.5714       -11.3142
ss_31            38          -0.0499        -0.5200        -8.6066         2.7001         0.7748
ss_31            39          -8.5641        -2.6628         1.7487        -2.4605         5.0489
ss_31            40          -3.6305         1.2775         8.1612         2.3443         2.2287
ss_31            41          -5.7631        -4.8490        -3.6904        -7.2648       -12.0456
ss_31            42          -0.3415         4.7685         1.5925         6.5672        13.2175
ss_31            43          -1.8636        -3.9451        10.6764        -5.8486       -11.7422
ss_31            44         -11.3443       -12.0496        -1.5619        -2.2242         3.1785
ss_31            45         -12.2805        -9.8332        -1.7104        -0.2446         4.3165
ss_31            46           6.1683        15.0465         9.6241         6.9920        10.4198
ss_31            47           1.6559         2.5406        14.9631         7.7381         0.6473
ss_31            48           2.3861         7.7961         0.5613         2.9419         7.8574
ss_31            49          29.2859         1.3998        39.1325        35.0161         4.3081
ss_31            50           8.7028        40.9415         5.7679       -28.8354        23.5652
ss_31            51           7.9382        17.1832        10.7630         2.8817        -0.8785
ss_31            52           1.1741         2.4068         6.4744         1.1522        -4.2205
ss_31            53          -0.4775        -2.3670        -7.1996        -9.3525        -5.2501
ss_31            54          34.0399        26.0425        28.4712        29.0631         7.3913
ss_31            55          -9.1060       -10.8759       -12.0436       -17.8663       -22.0700
ss_31            56           1.2672        12.5085       -12.9869        16.2649       -18.6452
ss_31            57          44.1145        58.3011        13.0270        12.0416        65.2727
ss_31            58          -2.8882       -49.6351       -28.0947       -19.3125       -62.7855
ss_31            59           6.3484        14.7322        10.9548        17.0438        12.3896
ss_31            60           8.1185        21.2601        14.8745        10.6481         3.4574
ss_31            61           8.1593        -8.3347         1.4804        -4.8077       -24.2188
ss_31            62          14.7263        13.2200        17.7285         6.6107        -0.1339
ss_31            63           7.6723       -36.5828        -3.2457        -8.2264       -38.3858
ss_31            64         -19.2153        29.6549         4.9462         1.9864        11.9272
ss_31            65          -1.5528         0.0763        -2.8055        -7.7908        -5.6983
ss_31            66         -71.5535       -19.3897       -53.8104       -40.2166         6.6277
ss_31            67          -6.9553       -10.7159        -3.6884         1.6399       -15.6002
ss_31            68          17.6611         4.5808        41.0536        17.2766        -5.1350
ss_31            69           6.6670        -3.7146        -4.2551         2.6073       -17.8279
ss_31            70           4.0613        17.1966        16.1905        18.3494        12.9257
ss_31            71          -9.4798        -9.2431       -14.1716        -9.5113        -7.4646
ss_31            72          -8.3253        -2.7133        -5.2558        -3.7267        -7.9487
ss_31            73          10.1196         1.1980         8.9614        -1.0882        -6.0732
ss_31            74         -11.9075       -15.5237       -10.7082        -5.2719        -3.2194
ss_31            75           3.8312         5.8088        -0.5836        -3.6978       -12.2900
ss_31            76           0.9141         4.5988         2.5267         4.1921         2.9932
ss_31            77          -4.5910        -4.5161         1.3470         5.1216        12.1839
ss_31            78          -6.5289       -13.0706       -14.4588        15.1448        -5.5467
ss_31            79           8.6524        13.7702        11.3511        27.3721         5.5743
ss_31            80         -12.0311        -7.1343        -0.1100        10.4190        15.4426
ss_31            81           2.4353        13.7806        13.8552        15.7711        21.1128
ss_31            82           6.9527        -1.2962        -9.8424       -13.0201        -4.9272
ss_31            83         -14.5462        -7.4143        -0.7428        -0.3747         4.0442
ss_31            84          -7.3922        -5.1660        -3.5439        -3.9134         0.2576
ss_31            85          -6.5385        -0.8847         5.5267        15.0087         7.6818
ss_31            86           0.8771        -0.0987         1.0222        -4.8029        -5.6920
ss_31            87           1.2675        26.1777        12.1025         7.1492         0.2853
ss_31            88          -3.3119        -7.4024       -26.3565         0.5292         3.5849
ss_31            89          -7.1992        -2.4507         2.0014        17.1310         5.9481
ss_31            90           8.2000         9.5405         6.6196        17.7972        14.8809
ss_31            91          18.5958        -3.3696       -15.8658       -22.3925        -8.6763
ss_31            92          -0.6351        -3.2075        -8.3620        -3.8273        -7.2026
ss_31            93          29.5209        10.4907         1.3672        -9.1166        -5.1540
ss_31            94           7.1779        15.0654        14.2108         6.8945        20.3231
ss_31            95          -2.2978        -0.8208         2.3624        -1.8102        -3.1025
ss_31            96           1.1944         4.7275        -0.4324        -6.4750        -0.0405
ss_31            97           4.0166        15.2777        25.3204        25.0111        19.6369
ss_31            98           2.9582        14.3183        26.7255        23.1192        22.9428
ss_31            99           8.9721        -8.0695        35.6514       -12.0552       -17.9971
ss_31           100          -7.2491        -6.3422         3.4165         5.0193        -0.6210
ss_31           101          -5.3515       -10.0562        23.8535         5.7136        -5.9418
ss_31           102          -2.6118        17.4669         9.2671        -1.7360        28.1566
ss_31           103           4.0271        61.9888        62.1560         8.6204        62.7741
ss_31           104         -11.9725        23.7483         4.2277        18.6778        35.2627
ss_31           105          -6.3550        -5.8012       -13.4220        -3.1717        -0.7802
ss_31           106          12.7766         3.5051        23.9554        25.4604        14.2352
ss_31           107          -1.8693        -3.5940        -1.9666         5.5867         3.3172
ss_31           108         -33.5322        36.4518        -1.9191         4.6760        88.2113
ss_31           109          -0.6336         4.6481       -22.6800       -24.7771       -20.1062
ss_31           110          -8.3780        -6.8317        -5.0886        -4.6392        -4.8202
ss_31           111         -14.2386        -7.3605         1.9224         5.7511         5.3996
ss_31           112          10.3112        16.5397        21.8652        12.4599        15.8575
ss_31           113          -1.2241        -2.8114       -15.8317         5.9208        40.1664
ss_31           114          19.1721       -41.4634       -14.9858       -34.4157       -55.5669
ss_31           115          -4.4054        12.0635         4.8756        -8.5218        -3.0753
ss_31           116          20.2284        -1.5600       -21.9415        10.3592        -9.3421
ss_31           117          16.8294         9.1620        11.6093        11.0313         4.1368
ss_31           118          -5.7480        -3.1073        -7.0574         0.5507         3.4990
ss_31           119          -0.1127         1.8164        16.7401        12.7464        12.2936
ss_31           120           7.0602        -7.1408       -15.4985        32.3856        13.1534
ss_31           121         -16.6062       -16.9682       -12.7626        -4.3763         8.4718
ss_31           122          11.1519         6.8350         3.9510         6.8511        22.3122
ss_31           123          35.2362        27.3097       -13.8290        -7.8717        -5.9595
ss_31           124          -4.5925       -33.2282       -24.0758       -31.5462       -31.4204
ss_31           125           6.2595        14.6628         7.3345        15.9447        20.9431
ss_31           126          -1.7644        18.4929        19.1424         0.9459        42.8556
ss_31           127          12.6414         9.5788         1.1457         3.3208         0.9282
ss_31           128          27.5582       -10.5949        18.1681        38.0999       -20.5939
ss_31           129          12.9157        13.9784        15.9973        12.8760         4.5334
ss_31           130          -4.7709         0.2532         7.4378        27.1360        15.8807
ss_31           131          -0.0008        -3.5763        13.9284        19.0486        -1.9509
ss_31           132          -5.7325        43.3631        13.0195        37.4100        44.5270
ss_31           133           7.6698         5.0579         4.6741        -5.1202        -8.3630
ss_31           134           1.6815         3.6283         3.6827         9.0064        13.0389
ss_31           135          19.3745        34.5615        18.3375        37.6903        24.5778
ss_31           136          -2.6525         0.9543        -1.9086         1.6374        -8.8920
ss_31           137          -4.7909        -0.0089         5.4017        15.2410        19.5391
ss_31           138         -14.8505        -2.4308       -10.4489        27.8353        23.2477
ss_31           139          10.9345        23.6409        27.6096        26.5214        24.5969
ss_31           140          -2.3359         6.3666        13.5918         7.5205        36.2701
ss_31           141         -11.1474       -17.7183         5.4363        14.4047        10.5154
ss_31           142          18.3726         5.4047        -1.6076        -3.9319         2.3008
ss_31           143          15.4158        13.6130        15.5686        12.5139         8.8995
ss_31           144           6.2721         5.9409        20.7336         4.9423         9.1295
ss_31           145          -1.6056         1.9140         2.1725         4.1349         5.2850
ss_31           146          -0.7673         4.4795         7.2061         2.7164        -0.1257
ss_31           147          -7.4421        -9.8975        -7.8812        -0.7892         1.2075
ss_31           148           7.9008        12.8533        30.7102        28.8241        29.0139
ss_31           149           0.4285         7.3276        10.7899         9.7744         3.7990
ss_31           150         -10.6532        -3.2385        -2.0134       -11.3075        -0.8860
ss_31           151          -6.9943        -4.3449       -12.5340        -2.7369        -8.9494
ss_31           152          -6.6217       -20.6439        -8.1222        -1.0797        -2.6873
ss_31           153          10.9600        13.8754        12.6724         8.9696         2.9017
ss_31           154           9.3285        12.9293        16.5762         9.8341        10.3566
ss_31           155          41.0314        21.5708        27.6694        51.2845        15.2696
ss_31           156          -8.3352         1.5871        -5.0200        -2.7117        -3.8088
ss_31           157         -27.9375       -19.0581        -6.2747        -4.4967         5.4712
ss_31           158          18.7972        22.4173       -11.5877        23.1847         6.2221
ss_31           159           4.2105        11.7012        15.6398        22.9743        27.9329
ss_31           160           1.8260        -3.9211         9.4073         2.9506        -3.9545
