Filename       Segment   T252T292Fz-ASNM T252T292FCz-ASNM T252T292Cz-ASNM T252T292CPz-ASNM T252T292Pz-ASNM
ss_38             1         -12.4622       -10.8277       -10.0132       -11.9367       -11.1810
ss_38             2           2.1389         2.6141         0.1218        -7.2151       -11.9986
ss_38             3         -18.1118       -13.0868        -5.1489        -8.4155       -10.1488
ss_38             4           0.2783         5.1680         9.5309        11.9732        17.8166
ss_38             5         -17.9986        -7.9824         6.6379        14.7623        17.0342
ss_38             6           0.2782         2.4000         8.9494         9.2483         8.0178
ss_38             7         -16.4683       -18.6239       -18.9343       -19.1294       -16.1848
ss_38             8          -8.0634        -8.1664        -8.7074        -8.2691        -4.3767
ss_38             9          21.5155        18.3418        16.9994        17.2928        13.3520
ss_38            10         -16.8375       -14.0311        -9.4121        -4.3280         0.5544
ss_38            11         -10.8951        -6.6247        -1.3261         7.3423        13.1937
ss_38            12          10.1197        18.9353        27.4202        35.3763        32.5361
ss_38            13           1.6198        -0.9064        -0.3541         4.2514         8.7671
ss_38            14          -6.0456        -4.9994        -7.2146        -9.2751        -8.1310
ss_38            15          -5.1976        -3.9124        -3.8217         0.6921         3.9584
ss_38            16           7.2250        11.8016        14.1546        11.1202         7.9066
ss_38            17          27.9833        23.6721        16.9590        12.6266         6.0941
ss_38            18          25.4199        20.7499        13.2865         4.4030         1.5040
ss_38            19          -7.0878        -2.6837        -0.9660         0.4815         0.3022
ss_38            20          -6.4503        -5.5406        -3.4543        -3.4034        -5.4811
ss_38            21           7.8806        10.2837        10.5221         8.7807         3.4750
ss_38            22           4.3160         7.9178        12.0212         7.5044         4.7374
ss_38            23           0.1563         0.9169        -0.6998       -11.0050       -12.4769
ss_38            24          -2.7281        -3.5600        -7.9690       -12.0904       -16.4242
ss_38            25         -34.4516       -27.4455       -17.2229       -13.8056        -5.7297
ss_38            26          -9.1293       -10.7430        -9.8598       -11.7408       -13.0166
ss_38            27           9.9194        12.7587        13.2284        13.4386        12.5351
ss_38            28         -31.7044       -31.5395       -28.2623       -20.0721       -15.7422
ss_38            29          -3.1409         0.2701         2.8898        -0.6884        -8.2233
ss_38            30          11.5897        17.9124        21.3977        22.6470        19.2433
ss_38            31          17.2931        16.3900        16.1763        17.8781        23.9857
ss_38            32           8.9875         7.1143         9.6001         8.6943         3.6537
ss_38            33         -30.5123       -34.1006       -29.5197       -17.9318        -4.5233
ss_38            34          -6.3167        -7.3152        -3.5643         0.9486         3.8155
ss_38            35          -4.1656        -2.8121        11.6650        18.3899         5.1368
ss_38            36          14.6712        17.1881        18.4336        23.2311        25.6217
ss_38            37          -4.4474        -8.3434        -1.5576         8.6498        13.0200
ss_38            38           5.8162         1.7513        -5.0110        -3.1362        -0.2573
ss_38            39          -3.5772        -0.3936         5.8447        15.1631        17.0482
ss_38            40           2.0743        -0.0512        -1.8718        -0.9705         2.5928
ss_38            41           2.0229         2.6682         1.4718         2.1233        -0.0194
ss_38            42          -7.2498        -5.9806        -0.6599         2.9136         3.3354
ss_38            43          15.7958        20.4352        25.1025        21.9038        18.9732
ss_38            44          -9.7158        -4.9624         1.4194         2.3243        -3.1699
ss_38            45          -2.1807        -3.1108         2.0534         5.0059         6.2835
ss_38            46           4.8011         6.4204         9.4934        14.8097        16.5447
ss_38            47          -9.8638        -5.3413        -3.0049        -2.3119        -5.4175
ss_38            48          -2.0436        -2.9668        -1.6937        -2.3887        -5.2415
ss_38            49          16.8197        21.5624        27.2412        29.2602        22.1474
ss_38            50          -5.3167        -3.0587        -1.9493        -4.2867        -2.8458
ss_38            51          -4.6045        -5.7725         4.7397         8.8725         5.8683
ss_38            52          -7.4485        -7.6850       -11.3956       -22.7289       -28.2962
ss_38            53          17.2054        16.7502        20.3184        22.6829        19.5700
ss_38            54          18.6519        21.1081        16.7707        10.7506         3.5815
ss_38            55           9.1301         8.6329        15.6708        17.9411        17.6299
ss_38            56          20.6879        15.9408        17.2679        17.0637        19.7663
ss_38            57           2.6334        -1.0393        -3.1720       -10.1233       -12.3764
ss_38            58           3.3470         3.4691         3.9079         3.7617         3.6378
ss_38            59          12.5682        12.0054         9.3861         3.3692        -6.8612
ss_38            60          36.9300        40.7441        45.9707        48.9169        48.0988
ss_38            61          17.6439        22.5267        27.0470        29.7500        28.0683
ss_38            62          12.4443        14.4415        18.7078        20.2038        19.4095
ss_38            63          23.4036        24.3443        29.5840        32.5559        37.1852
ss_38            64          -3.5156        -0.2364         5.4593         9.4659        10.7379
ss_38            65          40.1002        34.7818        28.6911        19.1219        11.1861
ss_38            66          15.7406        13.9498        10.4045         5.6278        -1.4521
ss_38            67         -20.5326       -23.0908       -23.6550       -23.7947       -15.0249
ss_38            68         -10.6470       -10.2049        -9.4096        -8.6073       -10.0816
ss_38            69           9.5513         5.9312         6.1565         5.4529         7.8174
ss_38            70         -28.7168       -18.9426        -8.2905       -10.8167        -8.8171
ss_38            71          29.8240        29.0707        30.3420        33.4550        31.2258
ss_38            72           4.3410         6.0053         4.5144        -0.3348        -2.4120
ss_38            73           -.----         -.----         -.----         -.----         -.----
ss_38            74          19.8592        31.5532        46.2301        50.1872        29.5596
ss_38            75         -11.2984        -4.9521         4.6025         8.0716         9.5468
ss_38            76          25.2636        29.5120        35.4923        39.0487        33.7566
ss_38            77          12.9243        14.6881        18.6510        24.7316        30.0407
ss_38            78          12.3700        12.3632         4.9599        -1.4075        -8.9284
ss_38            79          13.2829        12.9095        14.9992        19.7206        17.2741
ss_38            80          -7.3349       -12.2775       -22.6203       -24.8414        -5.1752
ss_38            81          15.7097        17.5175        19.1554        16.7388        13.5842
ss_38            82         -14.6648       -17.8004       -26.5286       -14.1124        -3.0208
ss_38            83           5.7019         7.6527         8.5225         3.4385         3.6178
ss_38            84           4.7660         7.2019        11.8375        11.5218         9.7821
ss_38            85           4.8518         6.9451        11.9246         8.5695         2.2875
ss_38            86         -11.6850        -6.6492         2.5473         8.4979        12.3216
ss_38            87          15.6524        21.9886        29.3077        31.7756        31.1708
ss_38            88         -30.4179       -31.4103       -32.4151       -35.1126       -34.9186
ss_38            89          -1.6775         0.7745        10.1396        14.0519        20.9681
ss_38            90          13.3820        13.7698         6.1756        11.0629        13.5622
ss_38            91           8.4386        12.4071        19.1300        22.7239        16.5195
ss_38            92          -2.5076        -1.4614         8.2621         9.9115         9.3527
ss_38            93          15.0211        14.8184         9.1336        -1.3116       -10.2913
ss_38            94           0.7074        -2.3130        -2.6434        -2.6071         8.1566
ss_38            95         -31.7476       -25.3766       -18.5177       -14.3125       -10.7606
ss_38            96          -2.3427        -5.2423        -1.4072        -3.7532        -3.0096
ss_38            97          10.4121        11.4782        12.6943        11.2212         9.1450
ss_38            98           0.0071        -0.6732         2.4297         6.2476        11.6774
ss_38            99          -5.0161        -4.8905        -1.7825        -9.7658       -11.3038
ss_38           100          -2.5357        -1.8181         4.2240         8.0635         7.8967
ss_38           101         -11.4700        -4.9935         3.7033         9.1782        14.7093
ss_38           102          -8.1199        -6.4467        -3.5982        -7.8293       -12.1109
ss_38           103          -4.2409        -4.5919        -7.6365       -10.5229        -5.9010
ss_38           104          12.2040        19.1298        22.6594        23.9947        17.2846
ss_38           105          -0.6654        -2.8391        -7.2574        -7.6478        -8.1286
ss_38           106          -0.1808         2.8154        -0.0512        -6.6740        -1.4794
ss_38           107         -18.7996       -22.0074       -24.1966       -21.4863        -4.1405
ss_38           108         -19.2837       -19.7064        -9.4412         0.8729         7.7583
ss_38           109          33.8976        37.8048        50.5769        48.2193        38.3380
ss_38           110          19.2978        23.2231        22.5462        19.8986        17.9715
ss_38           111          21.6573        24.1823        22.1236        16.5999        -2.4479
ss_38           112           5.7744        12.9797        22.6612        22.3027        22.9848
ss_38           113          36.5004        37.8711        38.6030        32.5199        22.2924
ss_38           114           -.----         -.----         -.----         -.----         -.----
ss_38           115          -5.2770        -0.8555         2.1432         2.9378        -3.9282
ss_38           116         -16.0711        -8.5266        -3.3475         1.0857         9.9826
ss_38           117           7.1725        10.0710        21.2047        28.4208        29.7529
ss_38           118          21.3765        25.8900        25.1106        23.7147        15.3368
ss_38           119          15.7015        12.0406        10.3204         6.8062         6.8304
ss_38           120         -19.6119       -18.1085       -13.8056       -10.7971        -9.3144
ss_38           121          -9.9114       -10.2688        -5.6788        -3.1850        -7.0967
ss_38           122          14.9434        27.5009        47.1563        56.5676        46.1381
ss_38           123          -7.7857        -4.2278         8.6113        16.9508         9.8701
ss_38           124          20.0140        24.0895        27.7421        25.7221        14.2960
ss_38           125           5.5932        13.4116        29.2365        29.0545         6.4843
ss_38           126          11.4746        16.3233        17.1783        15.2857        16.2535
ss_38           127          15.5231        15.8590        16.4558        14.3197        11.8736
ss_38           128           9.9528         4.1924        -4.6325         2.0031        10.1329
ss_38           129          -1.9562         0.0198         3.0898         1.4334         1.0321
ss_38           130          -4.6468        -0.1616        10.6928        15.7919        17.8227
ss_38           131          17.7970        17.9861        20.3983        15.5333        11.7822
ss_38           132           0.1400         0.7471         0.6713         2.5666        -1.9572
ss_38           133           3.4519         3.7540        10.5414        15.2626        21.2935
ss_38           134          14.2677        17.0274        17.8807        15.1079        14.9828
ss_38           135          15.9598        20.9964        26.5549        34.9901        28.7404
ss_38           136           1.6773         6.5573        12.3642        10.5284         9.8215
ss_38           137          -6.9251        -5.1886        -3.6396       -11.2554        -3.6674
ss_38           138         -13.5707       -17.4515       -17.6486       -14.2211       -11.7130
ss_38           139           7.2364         2.6463         2.3695        10.4852        15.8747
ss_38           140         -13.0155        -0.5491        12.2359        10.8499        10.5025
ss_38           141         -18.2654       -14.5857        -8.2044        -2.1079         7.0261
ss_38           142         -13.8660       -12.4756       -10.6869        -9.0249        -3.7112
ss_38           143         -11.2181       -10.8543        -5.0479         0.3904         8.1103
ss_38           144          -5.5556        -3.8234        -2.4410        -7.8927        -9.1505
ss_38           145          22.0322        26.8997        32.7588        32.7605        35.3811
ss_38           146          -0.4447        -3.5622        -0.6626         3.6920         5.6636
ss_38           147          -6.2324        -8.1566        -8.4870        -8.9495       -10.3616
ss_38           148           4.3295         6.9937        10.2181        13.7883        14.3303
ss_38           149          -6.6827        -4.3811         7.1828        12.6018        18.1030
ss_38           150           0.5497         0.0284        -3.3066        -3.4043         0.3756
ss_38           151         -11.8928        -4.6119         0.9158        -0.8536         0.3163
ss_38           152           3.1215         6.5604        11.7052        15.7267        18.1797
ss_38           153         -42.8056       -35.0728       -22.8986       -11.7411        -5.0204
ss_38           154           4.4577         0.3855        -1.6387         3.6821        -3.3260
ss_38           155         -12.8747       -12.7783       -10.8401        -3.2110         3.2158
ss_38           156          13.2418        16.9618        18.6932        21.3101        23.6391
ss_38           157          -6.2557        -6.7017        -9.7333       -11.7566       -14.4432
ss_38           158           8.8281        15.4275        18.8152        19.4485        13.9184
ss_38           159           5.1455         5.5230         9.0346         8.9092        15.3778
ss_38           160          26.2699        28.6415        31.7320        30.2011        29.8037
