Filename       Segment   T228T268Fz-ASNM T228T268FCz-ASNM T228T268Cz-ASNM T228T268CPz-ASNM T228T268Pz-ASNM
ss_35             1          -5.6410        -4.4917        -9.9641        -9.2748        -1.6570
ss_35             2           8.0045         8.2648         5.8283         3.4135         1.3433
ss_35             3           9.8477        16.2513        20.0108        19.8180        19.3162
ss_35             4          -5.2378        -4.4056       -29.1997        -3.7617        -5.3636
ss_35             5          -9.8955        -6.1132        -5.5276        -6.2457        -3.1345
ss_35             6           6.8164         9.8993        10.9692         8.9387         6.3808
ss_35             7          -3.0093        -1.5705         0.8826         3.9792        10.4815
ss_35             8          11.1555        12.1828         6.1465         2.0830        -2.7579
ss_35             9           6.6838        10.6775        13.5732        11.2418         9.8914
ss_35            10          21.4838        25.0377        18.2457        14.6365        17.0470
ss_35            11           6.7059         8.6474         9.2114         9.5422         4.2711
ss_35            12          -1.7213         1.0495        -1.7141         4.4427        15.4064
ss_35            13          18.9056        20.4101        17.1200        11.9711         5.1488
ss_35            14          -3.0106        -5.2473       -10.8750       -13.4843       -11.8784
ss_35            15          18.6281        20.5465        13.5382         3.8456        -3.9355
ss_35            16           6.0815         9.8196        12.4947         6.6973        -0.0682
ss_35            17           3.5628         8.0033         6.9006        -0.1727        -5.0713
ss_35            18          -4.6138        -1.0441        -1.2022        -1.1973         5.4057
ss_35            19          -6.0095        -3.9692         0.3706        -0.8118         1.9848
ss_35            20          19.4429        26.8198        25.3551        23.8318        15.6092
ss_35            21          25.6209        34.3256        27.6485        14.7933         4.4477
ss_35            22           3.9720         3.7877        -0.2230       -15.4253       -21.6537
ss_35            23          21.7119        27.3749        23.4181        17.0234        14.0002
ss_35            24           9.4957        11.9184        10.4513         2.6114        -2.1543
ss_35            25           3.7282         2.0433         2.1387        -5.4377        -6.6133
ss_35            26          -1.2070        -3.4418        -4.9239        -9.6733       -13.2115
ss_35            27           7.7218        14.4928        13.5412        11.1558         4.6450
ss_35            28           6.3293        12.3013        13.9444         9.2627        12.2962
ss_35            29           2.1385         5.7934         4.1521         6.4901         8.5372
ss_35            30          16.7057        20.1200        17.9279        13.2442         6.5973
ss_35            31          15.0612        20.9340        17.7648        14.1213         5.5455
ss_35            32          18.2638        20.4020         7.5761        -3.8887       -11.6462
ss_35            33           6.6767        10.6669         1.6356        -3.5337       -10.6380
ss_35            34           5.0674        12.2408        17.5833        22.2010        27.2013
ss_35            35          11.5529        16.9593        12.4173         9.8293         6.2953
ss_35            36           3.6226         5.6832         9.0965        11.9852        10.1342
ss_35            37           4.9574        10.5251        10.2140         7.6917         6.7025
ss_35            38          12.8791        18.4843        18.6069        18.5606        24.0397
ss_35            39          -5.0527        -4.9303        -2.6257        -4.0774        -4.2132
ss_35            40          -3.5049        -5.3459        -4.2472        -4.8679        -5.4300
ss_35            41          -2.1040        -0.0416        -0.9586         2.6970         5.2047
ss_35            42         -21.9864       -18.2266       -13.9670       -13.3307       -17.8501
ss_35            43         -12.8071        -8.9869         0.2512         7.5351         4.2471
ss_35            44         -12.8034       -17.0307       -16.9480       -14.1976        -9.2119
ss_35            45          16.2916        20.5231        15.3131         6.9732         9.7756
ss_35            46          18.2306        22.3035        20.3229        14.8530        12.0222
ss_35            47          -7.7440        -6.6819        -6.3339        -3.1279         4.0103
ss_35            48          -0.9808        -1.4743        -4.4383        -3.2446        -4.9945
ss_35            49         -10.5913       -10.3069        -7.9679         3.0250         6.9600
ss_35            50          -4.7301        -2.1599         4.1877         5.1467         3.5453
ss_35            51           6.3913         9.6304         9.9287         7.4462        13.1404
ss_35            52          18.5157        25.0616        27.4126        12.6364         6.7044
ss_35            53          27.3323        23.8453        23.8638         4.3851        20.4671
ss_35            54          32.0545        41.7477        37.2402        30.9958        19.5531
ss_35            55           4.6832         8.5344         5.0464         2.0901         3.4696
ss_35            56          17.0840        18.5115        12.4890         6.1449        -7.1345
ss_35            57          37.5203        40.0658        41.5653        30.6116        14.6666
ss_35            58          19.7811        26.5739        27.2256        28.2605        20.8111
ss_35            59          -6.1940        -0.4520         7.4714         9.7941         9.1129
ss_35            60          25.2058        29.0729        21.4389        14.2499         6.5800
ss_35            61          -3.1633        -1.8642         0.7711         6.8290        18.3754
ss_35            62          22.1754        24.4557        18.4157        12.5624        11.2942
ss_35            63          17.5796        20.9978        11.3925         8.3843         2.2957
ss_35            64           5.4599         6.4830         3.2777        -2.6504        -7.4385
ss_35            65           6.2752         2.9942        -1.2138        -5.8470        -3.7512
ss_35            66          13.3085        15.9658        12.5649        13.7973         4.5739
ss_35            67           8.3396        13.4205        16.4921        13.7691        -5.2574
ss_35            68          16.2871        20.9841        19.6797        16.8218        12.0857
ss_35            69           4.7709         5.1220        -1.3618        -6.3730        -5.5085
ss_35            70           7.1185        11.1325         9.8419        12.4245         9.3489
ss_35            71          -6.4427        -4.8584         3.7058         4.9769         0.2585
ss_35            72          -2.9186        -2.1753        -0.4367        -5.0099        -5.4725
ss_35            73          20.8787        26.9291        32.2863        18.8345         3.8354
ss_35            74          20.8326        27.6544        30.8388        26.3906        22.4395
ss_35            75           3.5853         7.1449         8.7249         8.3408         9.6681
ss_35            76           7.2926        15.3012        17.0192         8.4022       -13.5866
ss_35            77           7.8311        11.2747        13.8426        18.3702        22.4624
ss_35            78          -0.0138         4.1317         6.1840         9.6038         9.3936
ss_35            79          -1.3463        -3.3128        -4.7760        -3.3465         1.4782
ss_35            80          18.2624        24.2427        20.0462        14.6640         2.4761
ss_35            81         -12.7977       -11.7427        -9.7246        -5.6125        -0.0134
ss_35            82           2.1876         5.6328         9.1789        13.2267        19.2068
ss_35            83          -6.2353        -3.1978         2.6903         7.4621         6.4993
ss_35            84           9.3630         7.0959        -0.8530        -9.5023       -13.0874
ss_35            85           5.0401        10.3888        14.7534        15.7605        10.8618
ss_35            86           3.6848         4.5486         7.8151        14.5793        21.3213
ss_35            87         -12.9941       -12.9651       -15.2441       -13.7598         0.4638
ss_35            88           -.----         -.----         -.----         -.----         -.----
ss_35            89           4.6224         7.2733         6.2276        12.2582         7.5486
ss_35            90          20.7287        24.9109        23.6238        18.5141        13.3499
ss_35            91          20.3200        26.0417        26.4314        27.3649        25.7802
ss_35            92           1.4178         1.3196         6.5935         5.4041        11.2619
ss_35            93           7.6510        14.2407        16.0988        16.5765        -1.6615
ss_35            94          12.0612         8.5912         1.1807       -13.1235       -24.6647
ss_35            95          -0.1078         4.2682        11.3149        13.1161        12.7738
ss_35            96          -0.6050         5.1245        12.0956        11.7018        11.1152
ss_35            97          12.0713        14.2660         9.9150         2.9505        -1.6282
ss_35            98           1.3325         8.3120        13.5577        14.7220        11.2868
ss_35            99           3.5680        11.2139        19.2359        16.5578        21.1212
ss_35           100          20.6570        24.5042        18.0336        12.8097         4.4144
ss_35           101           2.6048        -0.6218        -2.8266        -4.4696        -1.1648
ss_35           102         -20.1750       -19.7415       -13.5544       -21.0293       -21.0160
ss_35           103          31.6781        35.6084        29.3600        17.9479        -2.2456
ss_35           104           -.----         -.----         -.----         -.----         -.----
ss_35           105           -.----         -.----         -.----         -.----         -.----
ss_35           106          23.7138        26.1386        13.6232         1.5926        12.6482
ss_35           107         -11.1613       -15.1577       -10.9702        -3.9572         5.3246
ss_35           108          11.7693        13.1673        11.3564         7.5112       -13.3906
ss_35           109          14.0662        16.2368        18.9355        13.5751        11.0676
ss_35           110           3.6307         4.7474         4.7743        -4.2151         1.2194
ss_35           111          25.1811        28.0775        27.7777         8.4724        -0.8454
ss_35           112          11.1493        16.5015        21.4381        24.8279        19.8377
ss_35           113           8.2578        10.6388         8.5886         8.0335         8.0067
ss_35           114           3.3498         3.5086         0.9142        -3.9493        -5.8048
ss_35           115          19.7970        25.9422        21.7415        12.3584         5.3920
ss_35           116          -9.1329        -2.4123         1.6109         2.4219         1.0491
ss_35           117          13.2211        18.4587        20.2078        19.9755         3.6488
ss_35           118           -.----         -.----         -.----         -.----         -.----
ss_35           119           5.3348         3.9929        -1.1793        -1.5751        -4.3835
ss_35           120           8.0724         9.9264         4.3117         1.1465         5.7799
ss_35           121          17.6507        24.1920        23.2650        18.5281        20.0401
ss_35           122          -7.1197        -9.8312        -7.8669        -8.7712        -7.7209
ss_35           123           4.2069         7.5453        14.6078        12.5725        19.2509
ss_35           124          20.3044        26.5853        25.4734        30.5117        26.5382
ss_35           125           4.5118         3.5865         1.3226        -0.8813         0.8119
ss_35           126           9.1376         9.4900         5.0818         4.3828         5.5455
ss_35           127           7.2274         6.8064         1.5384         1.7684         0.8641
ss_35           128           5.2518         6.9985         3.3620         6.5446         5.8393
ss_35           129          -9.4370        -8.9115        -3.5377         4.7185        10.5196
ss_35           130          -6.7798        -4.5936        -5.2643        -4.6573        -0.2167
ss_35           131           1.1906         0.4880         0.0087        -2.4429        -1.7125
ss_35           132          -5.5823        -5.8116        -5.1358        -1.4348         4.6281
ss_35           133          -2.6863        -1.4592         0.4304         0.7039         0.8536
ss_35           134          20.1236        19.9281        21.2280        17.3302        10.0365
ss_35           135           -.----         -.----         -.----         -.----         -.----
ss_35           136           3.1955         4.4137         2.8024         4.1400        -6.6392
ss_35           137          -0.4969         1.1122         6.3355         8.4910        12.7051
ss_35           138          11.8499        16.3284        15.9565        20.4481        21.9520
ss_35           139          -3.9308        -2.8958         0.8870         4.3430        12.8420
ss_35           140          23.0808        28.4521        28.3541        26.6285        21.2819
ss_35           141           5.2877         9.1302        12.9154        14.2946        16.9473
ss_35           142         -18.2831       -22.5279       -10.9332         1.3822         2.9217
ss_35           143          13.4154        19.4945        21.7030        18.8448        11.9204
ss_35           144           8.2929        10.3046         7.3248         7.7895         3.8004
ss_35           145          31.4835        37.5252        34.4553        28.2148        16.0463
ss_35           146           8.7055        12.9814        12.1534        11.7635        11.3831
ss_35           147           4.3575         1.1093        -5.2752        -7.0747        -5.7019
ss_35           148         -10.1404       -10.8338       -11.4731        -6.8076        -2.4983
ss_35           149          13.0264        16.9928        16.3811        14.4003        12.9426
ss_35           150          11.0408        13.7304        12.2683         7.8313        11.0106
ss_35           151          -4.0939        -6.1875        -9.5134        -5.7120        -7.3760
ss_35           152          16.7100        23.8051        24.7280        18.4002        17.5998
ss_35           153           4.9082         5.8499         1.6771         2.6380         2.6240
ss_35           154           7.5799         8.0360         1.7057        -1.4631         7.5640
ss_35           155          -1.8565        -5.3324        -7.6181       -10.4789       -10.3528
ss_35           156          18.5913        23.8395        20.8136        17.4645        12.4197
ss_35           157           -.----         -.----         -.----         -.----         -.----
ss_35           158          13.4325        16.3544        13.1934         8.3473         8.4420
ss_35           159          -0.2028         1.4233         3.2661         0.2893         4.4950
ss_35           160           1.2938         2.1435         2.4780         4.7159         0.5302
