Filename       Segment   T228T268Fz-ASNM T228T268FCz-ASNM T228T268Cz-ASNM T228T268CPz-ASNM T228T268Pz-ASNM
ss_33             1          12.5896        23.7025        16.9703        17.1967        17.3614
ss_33             2           4.8034         2.0363        -1.2950        -3.7744        -8.2236
ss_33             3           4.7181         8.4206         7.2665         8.9599        14.3895
ss_33             4         -11.7623       -12.2229       -16.1140       -15.8146       -16.4623
ss_33             5         -12.3639       -10.0144       -11.2688       -10.6503        -8.4520
ss_33             6          -4.8465        -8.4946         1.0544        -8.5275       -11.5727
ss_33             7           -.----         -.----         -.----         -.----         -.----
ss_33             8           3.9677         4.6112         0.2370        -7.7071       -10.1866
ss_33             9          -6.2210        -5.6272        -1.2173        -2.9609        -3.6281
ss_33            10          16.0852        17.8490        13.7941        12.8947        11.6587
ss_33            11          -6.3014       -10.0453       -10.0855       -13.0824       -11.8181
ss_33            12          -3.9244        -3.4871        -3.0728         0.2060        -2.5930
ss_33            13           0.9729         7.5751         4.9362         5.4645         4.5803
ss_33            14           4.9958         3.0065        -1.5471        -6.6069        -8.1585
ss_33            15         -19.8895       -21.3338       -20.9351       -19.7850       -18.2907
ss_33            16          -1.1720         4.8417        -4.1873         5.7180         3.0042
ss_33            17         -42.3802       -31.6582       -31.2094       -29.1295       -28.9128
ss_33            18           0.0894         3.6640         9.2567        12.5793        15.3575
ss_33            19          12.3781         8.5666         7.3852        -0.3683        -1.9652
ss_33            20          13.9029         9.5382         8.5718         3.9863        -1.4697
ss_33            21          10.4407        15.0911        15.5023        11.5516         9.5838
ss_33            22           3.2860         5.2457         8.5757         6.2462         4.1898
ss_33            23          -6.3815        -2.1869        -1.8511         0.1433         1.7957
ss_33            24          -3.3751       -10.5297       -14.7152       -18.6948       -21.7540
ss_33            25           3.2432         2.3275        -1.7276        -4.3026        -4.0729
ss_33            26          -3.9534         4.9118         6.1853         8.2451        11.4654
ss_33            27           5.9615        16.2441         8.9491         6.9657         4.9234
ss_33            28           2.0493         0.5739         2.2868         4.4974         2.4386
ss_33            29          26.9835        24.3726        28.9507        25.8117        21.8116
ss_33            30          17.7610        25.4015        29.8293        25.6342        27.7005
ss_33            31          -5.2332        -3.3501         1.8297         3.7719         4.6074
ss_33            32          -0.2897         0.3226         4.0086         2.1568         2.7393
ss_33            33           7.1945         4.5441         9.5761         7.7274         7.7484
ss_33            34          16.9428        21.0801        21.9869        20.3165        19.6277
ss_33            35          23.9908        25.3798        19.2302         9.9102         6.7737
ss_33            36          -7.9995        -2.9041        -4.8808        -2.5734        -1.8201
ss_33            37           1.2229        -0.6666         0.8250        -2.3983        -7.4663
ss_33            38          18.7677        25.9232        21.8627        21.0469        20.0081
ss_33            39           3.0062         4.0391         1.1823        -0.9447        -1.0054
ss_33            40          -4.7419       -12.2722       -18.0121       -14.3620       -13.7329
ss_33            41         -25.5038       -23.1041       -22.5921       -17.2429        -9.3866
ss_33            42           5.2206         9.4910         8.7679         2.3351         2.3501
ss_33            43           1.8478         0.8928         2.5225         0.9855        -1.7952
ss_33            44          47.0725        24.3251        25.9647        20.9621        16.5379
ss_33            45           5.5017        10.0399        12.6748        16.0893        11.4948
ss_33            46           7.0099         8.3095         5.6526         6.2509         6.2477
ss_33            47          -0.2313         0.9969         3.0355         8.9167        11.8944
ss_33            48          16.6060        17.3726        14.3524        18.7385        20.9243
ss_33            49         -14.2681        -9.6139       -12.0757       -14.8130       -15.3753
ss_33            50          -0.7769        -2.7334        -3.8487        -3.8272        -5.8500
ss_33            51          -1.7104         1.2593         2.2316         3.1449         2.1831
ss_33            52           2.2103        23.1654        20.9836        19.6139        18.2778
ss_33            53          11.9497        13.2471        14.2639         7.1617         4.0401
ss_33            54           8.1163         8.1209         9.8216         8.4794         5.3370
ss_33            55          13.0195        19.2876        20.2717        20.1789        19.7265
ss_33            56           2.1267         1.6113         6.8044         0.4116         1.4937
ss_33            57          15.5711        22.1709        21.4429        19.9060        20.8901
ss_33            58          13.2163        21.6874        24.4450        28.8184        27.1463
ss_33            59          25.6659        23.8877        20.6596        15.5563        12.4883
ss_33            60         -10.9640        -7.2682       -10.2929       -10.6863        -9.5877
ss_33            61          10.3734        14.5421        11.8240        18.1450        11.9436
ss_33            62           3.4353         2.6733         7.2356         9.7813         9.3421
ss_33            63          26.8381        33.5974        36.6335        34.6159        28.5046
ss_33            64         -20.4942       -19.5607       -11.1453       -12.0896        -7.9154
ss_33            65           0.2355         3.1198        -0.6392        13.0768        16.0834
ss_33            66         -27.2524       -20.5584       -25.4622       -21.9611        -4.5079
ss_33            67          22.1473        18.9495        20.3812        17.4391        15.8133
ss_33            68          -6.7477         1.1752         0.2751         3.4298         4.6565
ss_33            69          -7.9113        -2.0001         1.4400         3.6980         7.4948
ss_33            70          13.2498        18.5135        19.6483        21.1513        20.8439
ss_33            71          14.0933        19.6925        14.4467        14.4807        15.8089
ss_33            72          -3.9821        -0.6244        -0.9146         0.1715        -1.5916
ss_33            73          13.6656        15.5137        15.8802        11.5283         5.3059
ss_33            74          21.4786        24.5554        27.7672        28.2468        22.8424
ss_33            75          15.1043         7.8326         8.7582         9.2422        11.2088
ss_33            76          14.2131        18.4039        15.8593        11.0788         3.7376
ss_33            77          12.0835         9.9077         8.4807         5.5701         7.1930
ss_33            78           0.2049         2.4233         4.9938         5.9923         7.6065
ss_33            79          27.9667        28.8712        24.9313        22.5564        17.6890
ss_33            80          10.2770        15.4216        16.6620        17.9854        13.8091
ss_33            81          22.8217        30.0147        31.3988        27.3689        26.8963
ss_33            82           9.1682        10.4358        10.1704         9.1399         1.5434
ss_33            83          10.3987        11.1366        10.4655         7.8767        12.8024
ss_33            84          28.7342        34.1602        37.3064        33.2902        26.9724
ss_33            85          -7.5601        -6.4646        -7.4515        -8.0173        -7.5890
ss_33            86          10.3547        15.2257        12.2400        11.7339         4.7477
ss_33            87          21.9257        20.2936        15.7778        12.3617        11.2769
ss_33            88          -4.3690        -3.0787        -6.3411       -10.6159       -12.0115
ss_33            89          16.4797        20.0904        22.0813        15.5681         7.4171
ss_33            90          -0.1723         0.3245        -1.4834         2.6862        11.1194
ss_33            91          -1.5650        -4.4802        -3.5640        -3.8260        -6.9171
ss_33            92          29.5629        34.4638        29.8210        25.5751        22.4121
ss_33            93          -7.8585        -8.9911        -8.1310        -9.0035        -4.9035
ss_33            94           8.4303         4.7012         5.9683         3.1119        -0.3694
ss_33            95           0.0536        -1.7582        -1.8906        -4.7676        -9.5704
ss_33            96           3.0401         6.3739         9.6642         7.8599         6.3661
ss_33            97           8.0535        12.6156        13.8455        12.6707        10.6122
ss_33            98           6.6477         7.2971         8.7401         9.0035         9.6714
ss_33            99          13.2784        11.3760        15.1011         9.9643         8.7934
ss_33           100          21.9925        16.1134        15.9564        11.2128         4.6241
ss_33           101           9.5225         6.8016         2.0426        -0.4202        -4.6768
ss_33           102           8.5078         5.3311         0.1695         3.1663        -3.6567
ss_33           103          24.2477        26.1957        23.3607        20.8676        14.9615
ss_33           104          20.9784        28.6970        26.2819        26.3877        27.9384
ss_33           105          -7.9817        -4.4303        -4.3510        -5.0935        -4.2169
ss_33           106           2.1312         3.5589         3.2271        -0.3139        -1.2275
ss_33           107           0.8856        11.1660         9.4715        13.9005        11.2875
ss_33           108          -9.1056        -2.5307        -0.8628         1.6450         2.5202
ss_33           109           3.5591         5.3715         6.2632         3.5927         0.5845
ss_33           110           3.2217         4.6574         4.0315         5.0151         5.9185
ss_33           111           7.9645         9.3363        10.1106         6.8018         1.3412
ss_33           112          22.4907        22.1910        20.1037        17.7619        14.9683
ss_33           113          11.6747        10.5646         7.4820         2.9586         2.7493
ss_33           114          -4.5346         0.7038         5.3926         7.5768         8.9814
ss_33           115          12.3935        18.7141        15.4273        14.3976        11.2335
ss_33           116           6.0382         6.1352         4.9044         4.7416         0.7259
ss_33           117          -7.0089        -4.2031        -3.8629        -2.1788         3.3077
ss_33           118          26.4979        31.3714        32.7850        36.2814        31.6493
ss_33           119           0.7636         0.5862        -3.8620        -1.9903        -5.6759
ss_33           120          -6.4110         4.7215         1.3110         4.6677        11.1786
ss_33           121          19.9888        20.0035        17.4906        14.9420        12.2598
ss_33           122          29.8039        37.3870        40.6573        43.6184        39.9263
ss_33           123           6.2032         8.4744        13.7178        13.0808        10.1941
ss_33           124         -12.5947       -10.9596        -9.8790        -8.5559        -6.2886
ss_33           125          19.6349        24.5220        24.9455        22.7278        19.3958
ss_33           126         -10.4924        -2.8713         0.2386         1.2678         4.5050
ss_33           127          -6.0145        -0.3074         2.7964         4.8554         7.6279
ss_33           128           8.7076        11.9868        12.2162        13.3048        13.8614
ss_33           129         -12.0749        -8.8865        -8.0097        -3.6372        -2.4221
ss_33           130          11.5080        13.1819        15.4112        12.5418         9.1906
ss_33           131          -2.3089        -5.0144        -3.6673        -2.9925        -3.7290
ss_33           132          10.5957        21.5723        25.7949        25.3898        25.1132
ss_33           133          15.1645        18.5301        22.1618        19.7217        17.2604
ss_33           134           9.6431        10.4353        13.1446        16.2389        18.1181
ss_33           135          10.4747        15.3001        17.7009        18.0638        13.5242
ss_33           136          22.5147        27.6588        24.4315        22.2220        16.6362
ss_33           137          33.2085        40.2439        34.4649        28.0576        27.8924
ss_33           138          20.6204        27.4967        25.5409        21.9170        17.7352
ss_33           139         -18.8620       -17.2192       -17.2224       -17.9377       -15.8892
ss_33           140          32.4630        31.9826        36.4807        33.0161        27.2230
ss_33           141         -13.1397       -15.5367       -12.3485       -12.1609        -3.1943
ss_33           142           7.5944         6.4416         2.2904        -0.3977        -8.3739
ss_33           143           4.8529        10.3038        12.8314        14.1627        10.3849
ss_33           144          -0.1751         2.7821        -1.8498        -6.0638       -11.6351
ss_33           145          24.0593        33.2160        30.9579        33.9073        32.3774
ss_33           146          15.4858        20.9493        19.9471        17.9965        14.5099
ss_33           147          -1.7444         1.7991         9.1395        11.9201        15.3230
ss_33           148           8.4564        11.4849         8.9320         7.6801        10.2088
ss_33           149           0.3444         2.8267         3.1610         1.9081        -2.9575
ss_33           150           9.8495        15.7586        17.4157        14.6390        16.3368
ss_33           151           6.1534        13.5401        19.2934        15.7477        11.4810
ss_33           152          16.5645        17.7882        19.5971        19.6398        18.5277
ss_33           153          26.6488        25.7053        24.2528        23.5715        23.2620
ss_33           154          13.5152        16.2476        19.0740        18.2291        15.9407
ss_33           155           4.6065         5.3879        -0.4178        -2.8123        -1.4304
ss_33           156          10.3965        15.2413        12.8327        13.1323        11.1034
ss_33           157          -9.8600        -4.6916        -5.8851       -10.9862        -9.4434
ss_33           158         -11.3870        -9.5318        -7.7488        -6.6227         3.9870
ss_33           159           7.3912         8.9499        11.2870        12.5374         9.8216
ss_33           160          24.9911        31.2150        29.2709        25.9209        24.1419
