Filename       Segment   T228T268Fz-ASNM T228T268FCz-ASNM T228T268Cz-ASNM T228T268CPz-ASNM T228T268Pz-ASNM
ss_49             1          -4.4961        -1.1082         0.5824         1.3411         4.2301
ss_49             2          13.8268        15.0720        13.0242        11.4301        10.6120
ss_49             3          -3.9106        -2.8031        -1.0429        -1.6104        -1.3702
ss_49             4           3.4537        -3.1546         1.9182        -1.5102        -2.9600
ss_49             5           0.6372         2.1188         2.9335         4.0162         2.7992
ss_49             6           2.6280         5.4581         5.3620        10.5245        12.4223
ss_49             7          16.0196        12.6547        14.8133        12.7787        11.0616
ss_49             8           5.2907         3.4869         2.3145         2.3971         0.7160
ss_49             9          21.3863        23.1573        23.5213        21.8914        17.8589
ss_49            10          10.1519         9.8570         9.4065         3.9856         3.6571
ss_49            11          15.7523        17.3348        20.2683        20.9966        17.8540
ss_49            12           0.7309         5.1597        13.5062        17.3399        14.6825
ss_49            13           3.9835         1.1814         1.5820         1.8624        -2.1946
ss_49            14          -3.9515         0.1323        -2.3712        -2.4788        -5.8506
ss_49            15           0.4159        -0.9305         6.1516        13.1680         9.4397
ss_49            16          -4.6747        -4.0479        -1.2651         3.8218         1.8161
ss_49            17          -4.1399        -5.1978        -1.8978        -2.8111        -6.3791
ss_49            18          -6.1246        -6.9268        -3.8566        -4.3614        -3.5647
ss_49            19           1.8279         1.3425         2.4719         4.5229         5.6984
ss_49            20           7.8526         7.9324         7.0382        10.6728         5.8003
ss_49            21           9.1333         8.1948         6.1606         5.0935         7.7644
ss_49            22          10.1243         1.2924         5.0430         4.5698        -0.8951
ss_49            23          25.7580        26.8191        25.8709        23.0196        18.5328
ss_49            24           3.2076         4.5874         8.0974         6.0995         7.3216
ss_49            25          13.9776        10.1387        11.1232         8.9860         8.1805
ss_49            26          -3.5787        -2.9314        -1.1875        -1.3873        -1.3137
ss_49            27          10.8498        11.2021        13.5287        12.0295         7.4946
ss_49            28           8.6519         6.2798         4.7170         2.9908        -1.3405
ss_49            29           0.3981        -5.0149         0.4541         1.0991         1.4687
ss_49            30          -9.0859       -11.5757        -7.5482        -2.3929        -3.0843
ss_49            31          -5.9052        -3.8790        -1.0353         1.4631         1.2635
ss_49            32          16.4729        13.5671         9.4230         9.2994         9.7650
ss_49            33         -11.7104       -16.6312       -12.5340       -13.7217        -3.6815
ss_49            34         -13.9981       -10.3112        -7.0278        -7.7186        -5.2993
ss_49            35          25.3731        25.5967        21.5802        20.9973        12.9435
ss_49            36           0.8999        -5.7402        -0.7368        -7.6582        -3.8557
ss_49            37          -2.9122        -2.5883         2.3652         2.6933         2.6909
ss_49            38           6.8735         9.0544         5.2472         6.6167         3.3112
ss_49            39          -4.9272        -8.2910        -2.6547        -2.7232        -1.9616
ss_49            40          12.0332        12.6573        19.5923        19.0965        19.1009
ss_49            41          -2.3585         2.9157         2.3027         2.8404         1.0795
ss_49            42          -8.2814        -7.6379        -1.4638         4.0930        -0.3484
ss_49            43          -9.1708        -6.4216        -4.3604        -1.1866         2.3257
ss_49            44          -6.5664       -10.2833        -6.3567        -6.7206        -4.1865
ss_49            45           1.4808         3.9563         1.8202        -4.2093        -3.5497
ss_49            46         -10.8829        -5.0765       -12.2358       -13.0754       -14.3423
ss_49            47          -3.1326        -1.3315        -3.9477        -4.1385        -3.2482
ss_49            48          -1.6901         1.7132         0.7457         4.1540         0.3322
ss_49            49          13.8018        14.8991        16.4010        16.3044        19.6576
ss_49            50          11.5919        11.4917        12.1721        10.4300        11.3661
ss_49            51           6.5946         6.5532         4.7927         0.9261         2.3687
ss_49            52          -7.1111        -8.8442        -5.2635        -3.2864        -1.8187
ss_49            53          10.7290         5.6637         8.5193         5.0237         3.5725
ss_49            54           7.9548         7.6132         6.3020         9.1452         3.2310
ss_49            55          12.6171        12.7482        14.3345         8.4994         9.7799
ss_49            56          -1.3137        -8.9820       -14.6975       -22.3695       -13.8334
ss_49            57          -7.4299       -12.4497        -9.1455        -9.7275        -8.7518
ss_49            58          16.1813        18.1537        24.6747        19.5297        21.6670
ss_49            59         -16.6446       -19.9815       -15.8073       -19.0935       -14.3197
ss_49            60          26.8631        23.9550        27.3580        23.7370        17.1663
ss_49            61          -7.7546       -10.9361        -5.3132         0.5089        -1.9360
ss_49            62           3.5396         5.8361         7.4157         9.5143         9.6618
ss_49            63           6.9021         3.9902         8.5283        10.0513         9.0448
ss_49            64           5.2834        -0.7345         4.4949        -1.8021         2.5590
ss_49            65           3.1585         4.4463         6.1090        11.3883         9.5636
ss_49            66           0.3620        -1.0251        -0.9711        -3.6742        -2.5463
ss_49            67          36.5029        38.4517        37.6549        37.2510        28.8578
ss_49            68          14.4474        22.4631        15.2562         8.0912         8.7511
ss_49            69          -8.9347       -14.8202        -4.6690        -4.2731        -5.8618
ss_49            70           5.1691         7.6390         5.9023         2.5661         1.6378
ss_49            71          18.7413         9.2979        18.1539        19.6636        15.7954
ss_49            72          28.2686        29.0743        26.5913        25.0171        17.9815
ss_49            73          -0.9794        -2.7759       -10.4513       -14.8836       -13.2036
ss_49            74          -7.0395       -11.0339        -1.6657        -7.6422         3.2823
ss_49            75          16.3564        17.1014        19.6748        14.7224        20.9465
ss_49            76         -14.7351       -17.0146       -11.8367       -15.7718       -11.4452
ss_49            77           0.2853        -3.1668         1.0546         1.4423         2.2724
ss_49            78          17.6048        27.8679        22.7350        22.1036        19.3591
ss_49            79          -8.3484        -1.2473        -1.9885        -5.7716         0.8596
ss_49            80          10.0404        11.0788        10.9484        14.9879         9.4376
ss_49            81          27.6538        26.8927        28.4636        30.7794        26.5386
ss_49            82           8.7884         4.9936         6.0996         4.0094        -4.6755
ss_49            83         -14.5234       -15.9470       -18.4910       -17.7105       -16.2711
ss_49            84          10.5339        10.1223         6.6517         1.0525         2.2727
ss_49            85          12.2552        14.8230        20.5229        20.1640        20.5685
ss_49            86          26.4090        25.4516        31.5492        27.7875        31.7133
ss_49            87           7.7019         8.1463         6.2146         1.0767         3.6632
ss_49            88          -4.2618        -7.2171        -2.2785        -2.6964         2.2720
ss_49            89           6.4420         8.1327         8.7161         7.7627         8.8880
ss_49            90           0.5030         3.9472         4.3999         8.9040         6.8296
ss_49            91           0.8214         5.8811         6.4611         6.0027         4.7338
ss_49            92          -9.8359       -12.1451        -9.2543       -15.4679        -7.8999
ss_49            93          13.0851        13.2288         9.8901         7.0185         4.6107
ss_49            94          13.4179         7.1601         4.4583        -1.4023        -2.2697
ss_49            95          13.8733        13.3353        15.8953        15.4453        13.1315
ss_49            96           3.0335         3.6718         1.7816        -3.4538         2.9086
ss_49            97          15.5212        15.3118        18.1735        16.1176        17.6345
ss_49            98          -5.2767       -20.4807        -4.7433        -3.7155        -5.0956
ss_49            99           5.2065         6.0697         7.9040        12.6869        11.4422
ss_49           100          14.2480        18.7531        12.9424        13.9201        16.0878
ss_49           101         -17.0796       -22.1437       -19.1359       -22.2924       -19.1341
ss_49           102          -5.3574        -7.8793        -1.9380         0.1384         0.5566
ss_49           103           8.3430        11.1219        10.9030         8.4204         9.0413
ss_49           104           6.1383         3.5806         5.3679         6.1871         5.3530
ss_49           105           4.7810         5.6574         6.4938         6.8212         3.4053
ss_49           106          18.4891        27.6683        23.8250        24.9059        20.6333
ss_49           107           6.5941        10.1063         8.6081         6.3574        11.9921
ss_49           108          -5.5509        -3.8093        -6.2599       -15.9226        -4.0845
ss_49           109           3.4771         1.4670         7.3292        11.3320        13.2547
ss_49           110           3.1827        -7.7597         0.9718        -1.4252        -1.0861
ss_49           111           5.1339         6.0118         4.2904         4.1011         3.7094
ss_49           112           3.9247        -3.8234         5.2262        13.1274         5.3015
ss_49           113          35.0446        31.9054        38.4506        33.6039        33.3021
ss_49           114           8.2706         9.8730         9.8920         4.1902         1.5244
ss_49           115           9.3980        11.2503         7.4937         9.9252         6.5035
ss_49           116          12.1709        15.5308        11.8286        12.4758        12.1322
ss_49           117          -8.1825        -8.9900        -5.8607        -4.0238        -2.5408
ss_49           118          -7.8854       -31.2623        -4.9474        -2.5403        -5.7389
ss_49           119          11.3838         4.4758        13.6907        17.1903        17.5943
ss_49           120          -1.2299        -2.6794        -0.6638        -5.2117         3.8681
ss_49           121          17.3301        24.2547        25.3476        22.9117        35.4917
ss_49           122          -8.6120        -9.8129        -5.3425        -7.3882        -7.4091
ss_49           123           6.7480        12.4995         9.4027        10.5532        11.3305
ss_49           124          -2.6403        -0.1362        -4.4576        -1.5858        -3.4679
ss_49           125           3.8311         3.7295         3.9902         2.0557         3.9942
ss_49           126          -6.5563       -23.0540        -0.3158        -0.0222         3.5694
ss_49           127          -1.1305         5.5120         0.9661         3.8533         2.8979
ss_49           128           6.2525         6.2341        13.2917        11.5516        13.4781
ss_49           129          11.7803        10.8338        15.8432        17.4831        20.5217
ss_49           130           5.4842         3.2378         1.8810        -4.4513         0.9103
ss_49           131          -7.9255       -24.2295        -8.6547        -9.3878       -10.6441
ss_49           132           1.9117         4.2409         6.5036         8.2645         5.6080
ss_49           133          -2.8732        -3.1138         0.6489        -4.5735         3.1915
ss_49           134         -10.1679       -11.1978       -11.6762       -12.6325       -15.3388
ss_49           135           8.4610         5.4034         6.9724        -0.6485         4.2065
ss_49           136          19.3800        10.5103        16.9300         4.6938        10.8974
ss_49           137           1.6267       -11.9375        -3.7312        -7.0932        -5.2388
ss_49           138         -16.2813       -18.8906       -15.3380       -12.5011       -10.5903
ss_49           139           7.2519        17.2288         8.7029         4.5139        11.3581
ss_49           140          -6.7029         8.7062        -4.2153       -11.9808        -4.8374
ss_49           141          22.3107        26.0167        21.7812        21.9774        19.0687
ss_49           142          -5.3751        -6.1880        -7.2322       -17.7785        -5.0016
ss_49           143           7.9345        -0.3782         6.6571         7.3981         2.1107
ss_49           144          -8.2079       -10.8518        -2.8199        -4.3333        -0.9979
ss_49           145          26.7768        39.2392        23.4250        25.0958        16.1620
ss_49           146          -7.3302       -11.9702        -4.6694        -5.0935        -5.0150
ss_49           147           6.1283         3.6501         8.6223         6.5236        10.1739
ss_49           148          12.1927        14.6819        18.7963        26.7240        17.2849
ss_49           149           5.3900        19.1069         9.3529        12.0395         6.5869
ss_49           150          -3.2184       -17.4477        -5.0812        -6.9925        -8.6295
ss_49           151         -12.2167       -13.4468        -9.8950        -5.7309        -4.3935
ss_49           152          11.7138       -19.5920        14.6468        11.9966        14.6482
ss_49           153          15.4572        15.5120        19.4025        19.2113        18.3093
ss_49           154          26.2834        35.3647        33.2994        30.3618        28.3267
ss_49           155          24.8242        18.2743        27.8439        23.2104        23.2818
ss_49           156          10.9394        12.0916         4.7216         5.5372        -0.7988
ss_49           157          -3.2842        -3.2133        -7.7672        -8.7161       -14.9148
ss_49           158           6.6460        -9.8205         4.5273         0.9705         4.1381
ss_49           159          -1.1275         6.5430        -0.4392        -1.0997        13.5842
ss_49           160           6.5120        -7.7624         8.2082         9.1118         8.7093
