Filename       Segment   T276T316Fz-ASNM T276T316FCz-ASNM T276T316Cz-ASNM T276T316CPz-ASNM T276T316Pz-ASNM
ss_46             1           8.0762        15.1904         7.7779         5.1284        -5.5865
ss_46             2          16.0267         3.5600        -7.2899        -4.7848        -6.8516
ss_46             3           5.3566         6.8462         9.0580         1.6901        -1.7766
ss_46             4          -4.7658        -4.7463        -4.8510         5.3443         8.3656
ss_46             5          24.8779        21.6085        22.6504        16.2649        10.8115
ss_46             6          21.6094        27.1225        20.8140        10.0332         0.7784
ss_46             7          -1.7517         3.2307        10.2112        12.9382         9.1465
ss_46             8           4.5206         9.9388         8.7158         5.7500        -0.2168
ss_46             9          -4.1647        -8.1565        -5.2859         0.1206        -0.8156
ss_46            10          -4.8732        -5.9908        -7.7709        -3.1820        -3.1107
ss_46            11          -2.5983         6.0993         7.3924         6.6610         5.5330
ss_46            12           2.3995         6.3461         5.9888        -0.9323        -4.1122
ss_46            13           3.2693         7.6798        13.8808         8.3882         5.8441
ss_46            14           5.3823         3.0093        -2.6323         5.7423         6.7848
ss_46            15          -2.7177         4.1548        15.8791        17.0830        13.4283
ss_46            16           8.3734        12.2320        13.6405        13.6842        10.8938
ss_46            17          -3.1762         2.1396        -0.9276        -1.4336        -3.6974
ss_46            18           2.0930         2.3260         5.5570         7.4290        -0.2287
ss_46            19           8.9574        15.4870        18.0176        20.4417        15.3559
ss_46            20          19.3541         9.3180         7.8450         6.7977        -0.8321
ss_46            21           2.2586         0.8653         3.2389         2.6293         1.8020
ss_46            22           3.4782         8.8447         4.7139        -0.0737        -5.0261
ss_46            23          13.1123        15.3870        15.2303        18.5074        13.5242
ss_46            24          13.2704        19.7288        19.3360        14.0722         3.2466
ss_46            25         -16.4665        -7.4566        -3.7815         0.6683         0.5178
ss_46            26          16.8850        29.3744        35.0456        31.0480        23.2119
ss_46            27           6.2588         2.8330        -7.2102        -8.4544        -8.7057
ss_46            28          31.0536        23.1038         6.8505        -7.7845       -19.5242
ss_46            29           7.4779         2.1706         2.8718         0.2746        -4.6940
ss_46            30          13.5200        14.8516        10.4203         6.9377         0.4557
ss_46            31          -6.8907         4.4432         2.9667         7.9960        13.0882
ss_46            32           7.8969         8.7013         5.9284         5.7197         2.8693
ss_46            33          -0.6636        -0.9733         5.3431        11.0540        12.1506
ss_46            34          40.1004        30.0223        29.4784        23.0653        16.8441
ss_46            35          -0.3496         3.4520        13.6717        16.6032        10.9444
ss_46            36           3.5446         9.5809        21.9963        32.2355        23.2251
ss_46            37          18.0080        20.9784        14.5016        13.7794        11.5402
ss_46            38          23.0019        26.0489        30.4753        36.4335        29.4372
ss_46            39          16.5094        21.3502        14.7805         8.0420         5.3027
ss_46            40           1.7651         1.5140         2.1750         3.8707         1.5012
ss_46            41          10.3431        11.8376        15.8442        15.4338         8.5068
ss_46            42         -27.3916       -18.2026        -5.9759        -5.9686        -7.1557
ss_46            43           4.2246        12.6051        23.6312        16.5208         6.9315
ss_46            44         -23.4560       -14.6358        -6.6916       -10.2993       -17.0270
ss_46            45           3.2336         1.6312         5.3739         7.6794         2.2932
ss_46            46          31.9316        38.5661        34.9355        26.9229        13.8571
ss_46            47         -17.6059       -11.5051       -13.3168       -10.6204       -11.5746
ss_46            48         -22.0888       -14.9296        -3.4540        -1.8795         6.7912
ss_46            49          15.9630        12.9371         3.5028         1.0057         0.6780
ss_46            50          -1.9967         6.0543         5.8185         7.4923         5.6980
ss_46            51          11.6019        23.1274        29.1679        37.0111        29.3103
ss_46            52           7.9599        17.7158        18.9524        15.6505         9.0953
ss_46            53          -1.5078        -6.4053       -12.8007       -15.9659       -21.6371
ss_46            54         -11.2309        -3.4154         0.1926         1.0647        -1.1749
ss_46            55           0.2563         4.8829        17.4571        12.6109         2.6677
ss_46            56           9.1836         8.2109         3.1132        -5.6185        -9.7335
ss_46            57          18.3098        20.9182        11.8489         6.3057         2.9525
ss_46            58          12.3623         8.5244         1.5790         4.0534        -1.9682
ss_46            59          13.7850        14.5089        18.0620        17.7146        14.1860
ss_46            60          32.1081        42.2822        42.8084        30.7276        16.8570
ss_46            61           0.6434         1.8875         2.1402        11.7817         8.7734
ss_46            62          -2.6777        11.3503        16.4871        17.0324        13.9247
ss_46            63           9.6331        16.1909        23.1469        26.0824        20.2527
ss_46            64           4.4345         4.3480        -0.0797        -4.4376       -10.3129
ss_46            65           1.8369         5.5117        11.2433        14.8580         6.3898
ss_46            66          -1.7136         1.6498        -6.4361        -1.5923        -2.1232
ss_46            67           8.0026        13.2769        12.8022         9.9370         3.9095
ss_46            68          24.7297        28.8860        25.6562        16.0698         8.6220
ss_46            69           0.5344        15.3175        21.9222        13.6847         4.0131
ss_46            70           5.9451        15.7413        17.6379        20.1428        18.1079
ss_46            71          22.7162        30.5108        25.7172        14.8063         3.4589
ss_46            72           8.5271        15.2699        15.3106        14.2262         8.7466
ss_46            73           3.3509        12.0520        14.3649        15.3238        12.7681
ss_46            74           3.9068        10.0404        10.5881         2.6147        -4.7376
ss_46            75          10.3429        22.3618        15.4439        16.1109        18.0279
ss_46            76           0.2655         7.6981         9.2023        11.4357         9.2474
ss_46            77          10.3845        12.2948        14.3618        16.0622        13.2800
ss_46            78           1.2634        -4.1650        -8.1859       -10.2911        -7.5334
ss_46            79         -15.5956        -6.2289         3.8378        10.8693         5.0251
ss_46            80          -4.1382       -11.2935       -10.9108        -7.0153        -2.6362
ss_46            81           5.2262        14.2199        13.7158        15.5964        12.1464
ss_46            82          13.9822        18.1313        14.4919        13.9508         5.4915
ss_46            83         -10.1227        -5.4170         2.3777         5.7953         5.8825
ss_46            84          20.8692        24.2302        24.9802        18.4480        11.6350
ss_46            85           3.9889         4.4500         6.0803         9.4062         1.2070
ss_46            86          -7.3832        -1.4558         7.6883         6.2525        -0.3261
ss_46            87           3.2150         6.1553        23.0806         8.0188         0.5065
ss_46            88          12.8110        12.5919        12.4581        12.4118        11.8542
ss_46            89           3.4170         0.3036         1.5933        -3.9538        -6.8069
ss_46            90          12.2708         9.3510         9.0865         6.5873         4.5893
ss_46            91         -11.3453         2.0462         9.1810         7.8834         6.1454
ss_46            92           8.4236         4.6537         5.8428        -2.2138        -4.9307
ss_46            93          15.6715         9.6894        -9.2597       -12.2045       -19.6468
ss_46            94          -3.3365        -3.3187         2.3821        -2.5432        -6.4018
ss_46            95           2.8025         8.6645         7.4661         5.1176        -0.2832
ss_46            96           9.0212        10.8686         7.7209         1.2221        -5.4927
ss_46            97          -3.1981        -4.4410        -3.0102        -7.1788       -11.5672
ss_46            98           0.4416         2.6404         0.9032         1.2315        -6.7481
ss_46            99          13.6200        17.7697        19.7978        13.4732         4.4942
ss_46           100           2.1436        10.4217        11.2172        10.3601         0.1660
ss_46           101           3.4787         7.2454        17.9031        10.3776         6.4385
ss_46           102           3.3717        -1.5735        -4.2567        -3.3300        -7.3163
ss_46           103          -2.9067         1.8458         9.3010         9.2412         7.9231
ss_46           104          -1.1029         4.3712         9.2895        16.1368        13.4387
ss_46           105           1.0169        -4.1800        -3.6807        -3.0957       -12.1548
ss_46           106          32.3652        33.5014        32.1029        32.5565        22.2956
ss_46           107          -8.9570         0.8688         7.4231         7.9191         5.7376
ss_46           108           6.3196         2.0944        -6.5849        -5.6392        -6.3820
ss_46           109          11.2677        14.1438        24.5739        24.6165        20.9361
ss_46           110          -1.7532         4.8915        -1.3613        -5.4477       -13.2197
ss_46           111          15.8534        22.8363        26.3501        18.8997        10.8378
ss_46           112          16.0229        19.6296        22.5889        21.0499        15.3452
ss_46           113          -9.0229        -5.1215         1.3525        -1.2423        -5.0409
ss_46           114          14.2179        18.2373        22.0978        20.2214        14.4244
ss_46           115           2.0271         7.8478        14.6498        10.1602        -0.3446
ss_46           116          -5.3906        -7.9512        -0.6358         6.0804         5.0483
ss_46           117           9.6522        10.7995        15.5346        17.2371        12.0737
ss_46           118           2.0097         9.6465        10.4182         2.8131        -1.1886
ss_46           119          24.4177        32.4025        32.9219        24.9518        15.7800
ss_46           120          16.2474        17.1835        15.2730         4.8949        -1.8718
ss_46           121           7.5787        11.2046         8.4550        10.6085         1.4565
ss_46           122          11.3614        17.5989        21.8149        17.4032        12.7344
ss_46           123           9.3105        16.7661        15.3929        18.5469        19.0758
ss_46           124           5.2263         9.4426         8.6035         4.2027        -0.3938
ss_46           125          -5.1617        -0.2293         8.1369        15.5035        16.0881
ss_46           126           8.0866         5.5864        11.5491        12.2509         7.9184
ss_46           127         -13.1184        -6.6381        -0.9282         3.9567         6.5621
ss_46           128          17.4153        22.9239        24.9937        19.1405         5.6608
ss_46           129           7.7940        18.0891        12.1201         2.8655        -4.7291
ss_46           130          22.5692        23.5861        22.6285        12.0651         3.5655
ss_46           131         -10.5095         0.2758        14.0013        14.4681        10.9462
ss_46           132          21.8474        22.5711        24.8405        17.8977        14.4464
ss_46           133           9.7594         6.9443         7.8805        10.3648         5.2935
ss_46           134          -0.1921        -1.6154        -3.8459         2.2413         4.5623
ss_46           135          17.5179        17.3613        12.2339        10.7116         3.7776
ss_46           136          16.9377        11.1440         0.7265        -8.7346       -14.1532
ss_46           137          22.1333        18.0777        19.9642        17.2151         9.1450
ss_46           138          -2.6122         2.5571         4.1452         2.1506         2.3043
ss_46           139           0.6803         4.6762         8.0558         7.9873         5.5211
ss_46           140           9.3965        16.9535         7.5480         7.3283         0.3548
ss_46           141          11.0658        10.5002         8.0053         9.3273         7.6877
ss_46           142           -.----         -.----         -.----         -.----         -.----
ss_46           143          11.5909        20.9935        25.5029        25.8129        17.5281
ss_46           144          32.5227        33.5459        29.9528        22.7451        12.7057
ss_46           145          21.9940        31.2796        30.8471        24.2535        15.1665
ss_46           146          11.0057         6.6907         7.9113         9.5355         3.1840
ss_46           147          11.1729        13.9935         7.1025        11.2778        12.9870
ss_46           148          23.5383        18.4084         8.6119        11.7511         3.7150
ss_46           149          -4.5386        -4.6593        -0.7209        -2.5984        -3.7356
ss_46           150          -1.8863         9.2841        17.8380        14.6983         8.1713
ss_46           151          -4.1506        -1.1027         2.7798        -1.6852       -11.6142
ss_46           152           9.0096         1.7738         2.0771         5.6182        -2.4585
ss_46           153          -4.7070        -1.4560        -2.9950        -2.4809        -5.1334
ss_46           154           5.1549        12.9577        13.8988         8.8413         5.7056
ss_46           155           9.0264        15.9857         9.3052         5.6241        -2.4481
ss_46           156           4.7170        10.0176        12.5898         6.0825        -1.2546
ss_46           157          -0.3094         2.5756        10.1391        12.2152        11.7312
ss_46           158           5.1410         6.2646        12.2393        20.7670        15.5521
ss_46           159          11.9863        22.1476        22.9836        20.5312        13.5450
ss_46           160           9.4816         0.2618         1.4933        -4.3532        -3.5959
