Filename       Segment   T320T360Fz-ASNM T320T360FCz-ASNM T320T360Cz-ASNM T320T360CPz-ASNM T320T360Pz-ASNM
ss_43             1           4.5132         2.9060         1.4539        -9.0337       -12.2791
ss_43             2         -60.3834       -14.5421       -10.2008         3.7461       -18.2374
ss_43             3          -2.6879        -3.7768        -4.8604         1.6542         3.7064
ss_43             4         -21.3098       -15.3277        -8.0241        -5.8045        -2.0294
ss_43             5          -7.9162       -12.2762       -17.9927       -34.0824       -29.2773
ss_43             6           9.4815        16.2112        28.5521        13.8315        12.0869
ss_43             7           5.6517        11.2294         1.1903         4.0840        -8.0398
ss_43             8         -13.4270        -8.9926       -10.5047        -4.0538        -1.7328
ss_43             9         -15.6343       -11.9786       -17.6903       -16.6108       -17.1640
ss_43            10          27.4591         3.2081         2.8582        -4.4266       -15.1305
ss_43            11           6.0478        -3.2526        -5.4395         0.2543         4.2000
ss_43            12           1.1746        -4.0049       -10.3785        -7.3548         3.1226
ss_43            13          27.9123        24.9736        15.2845         8.0028         3.8601
ss_43            14          11.0154        15.7810        22.0116        26.2548        23.7463
ss_43            15          11.8603        27.8604        35.0686        30.8211        24.9090
ss_43            16          -5.2852         8.8359         6.9050        18.1942        17.6052
ss_43            17         -17.7145         3.3881        12.3650        17.6479        12.9253
ss_43            18           3.7811        12.4324        15.9320        25.1300        21.5539
ss_43            19          -4.6526        -2.9785         5.4842        10.9735        17.2990
ss_43            20          21.3511        13.3857        12.2328         8.7384         5.2305
ss_43            21           4.3444         8.3139         7.2921        16.3328        21.6533
ss_43            22          -4.0129        11.8293         2.3891        15.6418        12.8780
ss_43            23         -68.8943       -44.9111       -27.8228        -6.9797        -0.4763
ss_43            24           5.8161         5.9143        11.6482        19.0691        18.6233
ss_43            25          20.3661         5.0762         4.4410         6.6292        12.5840
ss_43            26         -30.8001       -23.9677       -18.1100       -15.8288       -11.3753
ss_43            27          14.4518         3.9425         8.4364        15.7442        22.5832
ss_43            28           1.7801        13.5959        13.7156        14.1295        12.7777
ss_43            29          -0.7520        -1.6698        -0.0302         1.7671        -2.8366
ss_43            30           2.9534        -1.8983        -3.5347        -3.1106        -6.6600
ss_43            31          23.9882        25.3517        37.4152        40.3283        35.4213
ss_43            32           6.2504         9.1162        11.3460        11.8715         1.1632
ss_43            33         -12.4107        -2.8939        -1.1177         8.5158        20.2968
ss_43            34         -33.5369       -24.0048       -17.0910       -20.5438       -20.6887
ss_43            35          -2.1004        11.6347        27.5497        28.2928        22.8005
ss_43            36          -1.4696         3.7907         7.0593         8.4550        10.0564
ss_43            37         -44.1000       -33.2667       -25.4740       -23.0539       -17.3195
ss_43            38          12.0359        10.5666         5.2562         5.2300         3.8457
ss_43            39          14.5982        22.8225        14.6879         5.8932         1.4489
ss_43            40           4.2666        11.7269        16.5127        22.6804        24.6720
ss_43            41          25.8414        24.8394        24.2163        14.2318         7.7112
ss_43            42          -1.1046        13.1675        23.3484        22.7270        16.8329
ss_43            43         -14.1047        -9.0749        -2.7621         1.7691         4.1256
ss_43            44          16.3742        18.0808        22.8546        18.2489        13.6657
ss_43            45          12.9477        26.5088        31.8205        28.5405        28.1095
ss_43            46         -14.7278        -8.4961        -6.3366        -0.8908         0.0338
ss_43            47           4.7382         6.2394         9.2635        10.2773        24.1820
ss_43            48          17.9689        20.0255        15.1454         7.8633         8.3142
ss_43            49           9.0609        -4.5812       -11.6978       -13.8450       -19.0253
ss_43            50          64.5310        63.2608        69.6736        60.0597        48.8138
ss_43            51         -21.9386       -14.7927       -10.2432       -25.8120       -38.8097
ss_43            52           2.0126        -5.4121        -1.1239        -4.1234        -6.8833
ss_43            53           8.9830         3.2837        -5.3374         3.7534         8.3374
ss_43            54          -1.4257         1.2650        -1.2165         8.0363         4.5317
ss_43            55          -4.9769        -4.4332        -5.1706        -1.5411        -3.4048
ss_43            56          15.8774        17.2272        15.6829        20.7520        12.8988
ss_43            57           6.8702         7.1950         2.2955         1.7362        -1.2143
ss_43            58           0.9153         6.3166         5.0770        -0.7992         1.0317
ss_43            59         -26.3953        -9.4708        -4.1959         3.9560         8.6419
ss_43            60          37.5256        41.9614        35.9744        26.9338        11.1211
ss_43            61           2.0098         4.3880         3.7348         6.5365         6.0903
ss_43            62         -19.0156       -17.5718        -0.1859        10.8423        20.1486
ss_43            63         -34.2838       -17.6428        -8.6259       -10.3245       -15.7071
ss_43            64          12.7075        12.1732        30.0360        30.5893        25.8692
ss_43            65           9.0810        19.4275        11.8114        18.7378        20.2898
ss_43            66           8.1750         0.9602        15.9356        19.6466        22.4073
ss_43            67         -11.0852       -18.8784       -17.7009       -19.9855       -19.9679
ss_43            68         -29.8141       -26.2264       -16.5891        -9.7939         0.6059
ss_43            69          26.0539        36.5322        28.8615        23.8948        23.6046
ss_43            70         -39.0761       -21.5156       -16.4587       -15.9344       -17.4421
ss_43            71         -10.9657       -17.0603       -13.5434        -3.3495         8.5418
ss_43            72         -10.0136         8.2455        24.9172        33.9749        37.2311
ss_43            73         -24.6990       -16.4088       -20.9522       -22.5801       -15.8561
ss_43            74           8.6956         8.4822        11.2569        10.9061         1.6989
ss_43            75          -9.5448        -4.7970        -0.9472         7.4852        14.9739
ss_43            76          -0.6515        -4.3373         7.7836        19.3690        20.7064
ss_43            77           1.8535         7.4726         7.9596        13.4120        19.1952
ss_43            78           8.0439         9.2939         6.0500         7.2486         7.1726
ss_43            79         -12.3295        -8.8020       -15.8784       -13.2216        -2.5753
ss_43            80         -53.5110       -16.7689         0.8342         6.1923        15.0221
ss_43            81           9.0207        10.8976         9.9205        18.2668        13.2889
ss_43            82          -9.4028        -1.3940         3.4228         0.6075        -2.7285
ss_43            83         -23.5199       -20.1743       -18.2810       -17.0969        -3.2357
ss_43            84          -5.2258        -4.8277        -5.2939        10.5623         2.6000
ss_43            85          -3.2071         9.0685         3.5147        13.3412        24.7492
ss_43            86          33.4047        36.4992        36.5939        26.5236        22.0377
ss_43            87           8.7120       -13.8548        -6.1868        -2.4083         0.6482
ss_43            88           8.4036        17.3340        13.9949        19.0720        25.7851
ss_43            89          14.3405        26.1637        31.6676        37.6821        38.0162
ss_43            90          -5.2532         5.6269        17.5398        27.8837        20.5319
ss_43            91          -2.2768         1.0309         6.7075         8.4960         3.6930
ss_43            92           0.7112        13.5769        13.2765        13.9554        11.4800
ss_43            93          11.6947         8.1568         4.1361         4.1116         1.9413
ss_43            94         -13.6456       -17.0735       -19.7142        -9.7921        -5.8625
ss_43            95          -3.5150        -5.8577        -7.5309       -14.4820        -6.9577
ss_43            96           4.5933        13.6465        25.6048        39.2047        38.2192
ss_43            97          29.0498        28.7109        20.8561        17.7817        12.9184
ss_43            98         -15.3123       -17.3001        -9.7433       -10.5196        -5.6122
ss_43            99          -3.5047         1.4696         5.7540        15.2995        13.9614
ss_43           100          13.5503        20.1824        26.6013        17.3592        12.1353
ss_43           101          -5.0367         0.5839        11.0802        17.7028        24.2126
ss_43           102          -9.2451         7.5394        10.2260        21.6669        26.1610
ss_43           103          12.3606        12.3339        18.4343        31.9406        32.7029
ss_43           104           8.8981         8.2653         3.5564         8.8735        13.2711
ss_43           105          13.6226        17.3573         2.6307        -4.0120        -6.2737
ss_43           106          -0.8727         7.1942        -1.1008        -7.1704        -1.4689
ss_43           107          -3.4538        -8.8843         2.6297         3.6624         6.7618
ss_43           108          -9.5688       -12.1849        -1.0372         3.1405        14.8040
ss_43           109          11.9516         4.6942        10.7180        11.0328        12.1872
ss_43           110           0.6426        20.9078        26.0770        22.2898        19.6065
ss_43           111          24.0586        24.7222        17.4346        14.9143         5.7460
ss_43           112           9.4022        13.3850        20.2925        18.7425        13.3733
ss_43           113          -4.1632         4.1187         7.3522        15.5957        11.5695
ss_43           114           3.7764         9.5721        14.4950        26.0981        16.0554
ss_43           115          -4.5824        11.3015        14.6865        17.5020        15.8572
ss_43           116          -7.9807        -4.6296        -4.4749         2.5877         6.9503
ss_43           117          13.7883        18.5983        26.8918        30.7424        26.8885
ss_43           118          11.7040        11.5163        16.9751        20.5029        17.9376
ss_43           119          10.0820        10.3812        12.6868         7.5498         8.3533
ss_43           120          -7.6734         0.2917         6.6366         5.9913         2.7337
ss_43           121          32.1458        26.7325        10.9438         0.3035         0.7633
ss_43           122           7.8254        19.6051        17.5996        21.6946        16.8939
ss_43           123          14.3773        20.4740        20.8660        23.1674        25.5700
ss_43           124          25.7033        23.5488        36.1427        41.4244        41.1153
ss_43           125           9.1813        25.8285        36.2818        30.0905        29.3843
ss_43           126          -2.3916        -4.6524        -7.7343        -7.9046        -7.9355
ss_43           127          25.0043        22.3303        24.6482        27.4174        27.3232
ss_43           128          21.6274        27.7449        29.2198        26.3756        25.6304
ss_43           129          16.3406        15.6357        12.9779        11.5259        16.3602
ss_43           130          11.1509        12.4632        17.1880        17.8069        22.0914
ss_43           131         -14.8932        -8.8986        -7.6351       -10.2970        -3.2175
ss_43           132         -28.7832       -30.2429       -23.9748       -13.8310        -3.6774
ss_43           133           5.5819        23.9597        19.5064        28.7574        35.2376
ss_43           134          10.4091        12.5476         6.7901         0.9288        -9.9612
ss_43           135          -5.5981         1.7883         4.8310        -6.7636        -1.7923
ss_43           136          35.7511        40.7732        42.8356        43.5300        44.4552
ss_43           137          12.4449        11.7562         8.2596        -0.8701        -3.0983
ss_43           138         -10.1653       -10.5399         0.0686         8.0662        21.3999
ss_43           139           4.4392         5.7546         6.9317         6.2301        14.0406
ss_43           140          22.8570        28.8307        30.3256        19.5869        15.8251
ss_43           141          -5.1633        -0.4539        -8.7166        -6.4473        -8.6015
ss_43           142           1.9971        10.3118         6.2465         8.3702        15.4313
ss_43           143          -1.6802        -1.3002        -0.7528         2.1010         3.3388
ss_43           144           2.1148        -0.7026         9.4397        -0.4519         5.7998
ss_43           145         -28.6276       -38.9162       -22.5300       -11.8093       -12.7560
ss_43           146          -5.9835        -5.8480        -5.4427        -0.8444         4.1097
ss_43           147          -4.7735        -9.5149        -3.4938        -2.7463         3.1236
ss_43           148           3.4926        11.4031        11.7572        15.0119        12.9736
ss_43           149          16.2073        19.6038        17.7661        31.2497        11.6286
ss_43           150          -7.3074        -1.9524         3.1480         1.2864        -1.5801
ss_43           151          26.0403        24.6586        23.4466        24.8462        21.8457
ss_43           152           8.5806         7.3798        14.8170        17.2258        17.5768
ss_43           153         -19.2076       -17.7781       -16.7984        -9.7503        -6.9776
ss_43           154          15.4674         9.7976        11.5850        11.7479        19.0730
ss_43           155          11.4226        12.1411         5.3666         7.6040         9.9718
ss_43           156         -20.1674       -12.7692        -1.2192         7.6548        23.6467
ss_43           157           0.2244         4.8283         3.1049         3.7632         3.0282
ss_43           158           4.9152         2.2018        -8.7323        -7.5200        -4.4743
ss_43           159           -.----         -.----         -.----         -.----         -.----
ss_43           160         -18.4847       -19.3298       -10.9305         0.8890         3.6877
