Filename       Segment   T332T372Fz-ASNM T332T372FCz-ASNM T332T372Cz-ASNM T332T372CPz-ASNM T332T372Pz-ASNM
ss_45             1           8.3435         9.3949         6.0010         6.5876         6.5725
ss_45             2           1.2445         2.9214         1.3808         2.7126         1.0376
ss_45             3           9.6476        10.7542        14.4289        20.0309        17.4640
ss_45             4           2.3751         1.3116         2.3890         2.0513         0.9869
ss_45             5          -2.5195        -2.0553        -0.4190         1.4950         3.8073
ss_45             6          13.9436        20.2757        21.3801        25.8714        22.6105
ss_45             7          18.7849        23.1146        20.4281        18.5190        14.6705
ss_45             8           5.3158        10.9080        16.4949        20.5708        21.2483
ss_45             9          26.3975        25.4670        28.0447        30.6373        29.6923
ss_45            10          -0.1430        -0.3239         3.3944         0.0407        -1.1156
ss_45            11          15.0177        20.8640        26.1608        26.8922        26.1373
ss_45            12          14.0240        16.7146        17.1736        19.2012        14.4930
ss_45            13           7.2059         6.4505        12.1338        11.9228        15.9406
ss_45            14          -4.8715        -3.9645        -1.8527         0.6865         2.0341
ss_45            15           9.2304         8.5077         8.5659         6.0518         1.8203
ss_45            16          15.6246         8.7761        19.0629        18.3953        24.0385
ss_45            17          -8.8255        -8.5565        -7.8839        -5.3703        -1.5650
ss_45            18           7.7972         9.4609        11.3512        10.9880        11.5710
ss_45            19           5.8116         9.4955        10.4996         7.7174         6.9492
ss_45            20         -33.0088       -14.9458        -5.3352        -3.7158        -2.0408
ss_45            21           6.4038        10.1106         9.1739        13.5225         9.6812
ss_45            22          12.6304        18.0659        16.8475        17.0344        14.4493
ss_45            23          12.3672        16.5000        15.8080        18.0802        12.7367
ss_45            24          -0.2351        -2.5362        -3.6775        -4.5211        -4.4758
ss_45            25          13.2379        15.2961        11.4142         9.1738         6.2524
ss_45            26           3.4506         6.7068         5.0694         7.3458         6.5369
ss_45            27          12.0572        13.6845        10.4210         8.5996         6.8934
ss_45            28           2.6966         0.2436         0.5735        -5.1925        -6.5270
ss_45            29         -14.4741        -8.5216        -3.4339         3.2405         2.8512
ss_45            30           7.2775        11.9149         8.8872        13.1664        10.6907
ss_45            31          14.8776        19.4163        22.9875        22.0087        19.7231
ss_45            32         -11.3674        -8.8980        -5.7841        -4.1002         0.3062
ss_45            33          -3.3030         0.7787         6.0072         9.0446        11.0032
ss_45            34           7.9262         7.0868         2.3048         1.3259        -1.2559
ss_45            35           6.8862         7.5067         7.6380         9.7952         8.5126
ss_45            36          15.2575        19.4623        20.0001        23.9070        21.2960
ss_45            37          10.2071        12.2116         8.8701        12.0215        10.8727
ss_45            38           4.4891         6.8596         9.8074        10.0674        10.2976
ss_45            39         -11.1054       -10.6693        -5.2960        -0.1961         2.0959
ss_45            40          -0.5507         1.6250         0.9019         1.3927         1.6154
ss_45            41          11.6506        12.1504         9.2947        10.6748        11.0538
ss_45            42          10.2136        17.6534        21.2528        23.4436        22.8423
ss_45            43          -9.4138       -19.2858       -15.6401       -22.2281       -10.8044
ss_45            44           5.7224         7.0794         8.8427         7.4305         5.5594
ss_45            45         -11.6012       -10.7589        -5.3974        -0.8583         4.0995
ss_45            46          11.1781        16.5230        20.4549        22.3196        21.5504
ss_45            47          14.9345        18.5074        24.2100        22.9653        19.1305
ss_45            48          19.4846        20.1032        19.8378        24.5587        23.6741
ss_45            49          -6.3795        -4.8880        -3.2716         2.7370         3.2034
ss_45            50          18.2411        22.5607        21.3932        23.8621        21.3799
ss_45            51          13.2474         9.7773         6.1678         0.1060         0.0890
ss_45            52          12.8123        13.0845        18.4301        17.1956        13.9722
ss_45            53           0.6776         4.8185         7.6208        10.2053        10.4408
ss_45            54          13.2437        17.4862        18.8106        18.8322        16.9805
ss_45            55           8.5303        15.8728        21.2268        19.8768        13.4333
ss_45            56           5.6515         1.2800        -3.4325         0.4780         2.5509
ss_45            57          20.2674        21.6439        23.6131        21.9071        21.9728
ss_45            58           6.2757         8.1500         4.9836         7.9087         8.5310
ss_45            59          25.4572        25.0613        22.5644        21.5220        19.1098
ss_45            60          -8.3801       -10.1486       -10.4731       -14.2849       -14.3772
ss_45            61          13.1339        15.4273        15.4199        13.7055        13.5242
ss_45            62         -16.6660        -6.7158         2.3425         2.8490         3.2502
ss_45            63          -7.8778        -0.8094         0.5986         6.1039         4.3967
ss_45            64           5.7823         6.8545         9.2443        10.2120        10.7344
ss_45            65           4.8977         7.9608        13.1526        12.5433        12.3428
ss_45            66         -20.4647       -19.1673       -15.7818       -15.4073       -13.6724
ss_45            67           4.0494         3.2079         0.9933         4.8498         3.8988
ss_45            68           7.6851        11.7621        13.1992        13.3260        17.8196
ss_45            69          -4.2732        -1.3831         0.0565        -1.8716        -0.6754
ss_45            70           1.4329         2.4352         2.8536         8.1395        10.6360
ss_45            71          27.3465        19.2544        21.4731        15.7270        12.4970
ss_45            72          29.6477        30.6886        32.2012        35.5283        35.7251
ss_45            73           8.7394         8.6995         7.3918         9.6245        10.5703
ss_45            74           4.7515         5.5547         4.8790         7.7968         7.1466
ss_45            75           1.0172         3.0674        -0.0992         3.7342         1.5155
ss_45            76          -7.1148        -7.9385        -6.7411        -3.2593        -4.1690
ss_45            77          -6.4155        -5.3817        -5.6137        -4.2068        -0.4740
ss_45            78          -3.2066        -5.7997        -6.3310        -5.0147        -5.4778
ss_45            79          -2.4069        -1.2933         1.7952         1.6628         1.0831
ss_45            80           -.----         -.----         -.----         -.----         -.----
ss_45            81          -0.6361        -0.4838         0.4482        -2.0848        -2.2379
ss_45            82          20.4722        19.1587        20.8629        18.8287        17.3223
ss_45            83           -.----         -.----         -.----         -.----         -.----
ss_45            84          -5.0923         1.4006         4.8479         6.8234         8.1151
ss_45            85           -.----         -.----         -.----         -.----         -.----
ss_45            86          -1.8111         2.3266         4.2108         7.4121        10.2681
ss_45            87         -11.7029       -16.4254       -16.5785       -16.9740       -15.9796
ss_45            88           1.2620        -0.5696        -0.9165        -0.3466         2.8279
ss_45            89           7.8235         9.6344        11.0816         9.5450         4.8783
ss_45            90           3.4663         5.5119         7.8519        13.1338        14.8759
ss_45            91          23.7763        21.5905        18.6007        14.6849         9.3935
ss_45            92          43.8419        35.6025        37.5227        32.5003        28.2474
ss_45            93           7.3219        11.7767        13.0490        15.2757        13.9166
ss_45            94          14.7422        15.6091        19.4745        19.1810        18.2235
ss_45            95          20.5415        21.4259        21.8203        21.5219        16.7180
ss_45            96          11.0598         7.7739        10.7021         6.8874         7.4726
ss_45            97          17.9897        18.9099        20.7564        16.4078        14.8483
ss_45            98          18.7126        21.1746        21.7355        17.5886        14.1570
ss_45            99           8.3408         6.7688         7.9164         9.2153        10.6213
ss_45           100           4.2230         4.9662         9.3391        10.8805        12.2206
ss_45           101          19.4018        21.7329        20.6138        21.5470        17.8845
ss_45           102          -5.3520        -5.1950        -4.8894        -3.8858        -0.2669
ss_45           103          -3.6853        -3.1550        -1.2047         0.0647         0.9609
ss_45           104         -10.5083       -11.3256       -10.3594        -5.6023        -3.4054
ss_45           105           4.1626         3.8691         0.7766         0.9095         1.3958
ss_45           106          20.2049        21.2551        21.2714        22.9041        18.6874
ss_45           107          -7.9043        -6.9331        -3.5301        -2.0504         2.4500
ss_45           108          -4.3677        -6.1234        -8.1347        -4.2731        -2.1112
ss_45           109          15.9954        16.7920        14.5330        12.6931        10.6000
ss_45           110          -5.9520         1.3747         3.2636        10.2696        10.0060
ss_45           111          16.4983        15.9931        17.2772        18.9314        16.0933
ss_45           112          -6.9157        -7.3737        -3.9108        -0.2701         3.8932
ss_45           113           6.5793         5.8909        14.4014         8.4554         6.4420
ss_45           114          -2.2231        -3.3295        -3.1156        -3.1950        -3.7706
ss_45           115           -.----         -.----         -.----         -.----         -.----
ss_45           116          -9.4857        -4.1956        -0.9185         1.8663         3.9858
ss_45           117           4.8493         8.9031         9.0097        11.5553        11.5947
ss_45           118          -7.9658        -3.3452         5.7137         9.2412         8.9194
ss_45           119          -2.7624        -4.4737        -6.1349        -1.4530        -1.9019
ss_45           120           5.5801         8.1207        10.2686        12.1784        14.1363
ss_45           121           4.4796         8.1510        11.8501        10.7909         7.7728
ss_45           122          -5.3079        -0.7364         4.8244         9.3785         7.2695
ss_45           123           9.9297        16.0792        17.5975        18.5484        17.8098
ss_45           124          13.5984        14.2140        13.2282        16.8901        18.6596
ss_45           125          16.7803        19.7707        22.3967        24.8662        21.3974
ss_45           126          14.9253        14.6136        14.5254        12.1126        10.1741
ss_45           127          12.0924         8.4347         9.7162         8.5285        12.5303
ss_45           128           6.3051         9.0683        12.9703        15.8288        12.9121
ss_45           129           8.8206         9.8069        10.2185        13.4693        14.7756
ss_45           130          14.1942        12.3838        10.7532         8.0126         6.6282
ss_45           131          -3.4849        -3.8090        -6.3545        -5.5761        -3.4936
ss_45           132         -13.8461       -10.8061        -9.0733        -2.6064        -0.0834
ss_45           133           1.5824         3.3387         6.2882         9.0025        14.1198
ss_45           134           1.0549         2.5903         5.6331         9.8977        11.0479
ss_45           135          12.8724        17.2675        19.7543        21.4845        23.1731
ss_45           136          -5.7398        -5.2028        -4.2027         4.8347         8.6237
ss_45           137          14.5109        18.4827        19.6647        23.6917        23.0118
ss_45           138          21.4494        23.6630        22.3755        18.7606        17.2043
ss_45           139         -14.7314       -12.6615        -9.6349        -9.1271        -7.9533
ss_45           140          21.7717        22.2388        25.8058        23.3410        19.5263
ss_45           141          13.5704        11.5782        13.0594         7.9311         6.9465
ss_45           142          22.2412        24.7540        16.4630        16.0619        10.6991
ss_45           143          14.8341        14.4257         8.8358         7.4832         6.7209
ss_45           144          13.5810        17.4959        14.7151        19.3915        14.6100
ss_45           145          26.1159        24.8200        26.9390        23.1789        17.5419
ss_45           146           1.1758         2.9686         3.8284         3.1674         5.0513
ss_45           147           6.5897         9.5370        12.5509        15.7206        15.7550
ss_45           148           9.9478         9.9848        11.8202        14.9605        14.5364
ss_45           149           8.4853         9.7790        12.1301        14.4771        15.4775
ss_45           150          16.1125        18.3565        18.8105        20.8446        19.6402
ss_45           151          17.6107        16.4110         9.0217         9.0907         5.6277
ss_45           152          31.4057        31.1919        31.4872        30.5217        23.8484
ss_45           153          18.8857        20.3975        23.9846        28.4576        25.7948
ss_45           154          -0.9625         1.0933         0.8919         0.9150        -0.8662
ss_45           155         -13.2162       -13.6041       -17.7381       -12.6568       -14.3581
ss_45           156          40.6369        36.4877        33.8544        31.1543        29.3179
ss_45           157          -7.3104        -6.4680        -3.4085        -6.4149        -4.4557
ss_45           158           5.5013         6.2031         6.4026         3.5145         3.0875
ss_45           159          -2.3573         2.1793         4.1702        -6.1012        -3.9438
ss_45           160           3.6244         2.2325        -9.4377        -4.2905       -11.5195
