Filename       Segment   T288T328Fz-ASNM T288T328FCz-ASNM T288T328Cz-ASNM T288T328CPz-ASNM T288T328Pz-ASNM
ss_40             1          14.6721        10.1073         2.3017         3.0521         3.9154
ss_40             2           8.9517         5.8418         0.2281        -6.8009        -9.5980
ss_40             3           1.0265        -0.0302        -2.6173        -4.5151        -4.6581
ss_40             4          27.6193        29.8138        25.1602        25.8157        25.7574
ss_40             5         -13.0885       -10.9721       -11.9941        -8.3218        -6.4459
ss_40             6         -17.8447       -10.4132        -9.6651        -9.9438        -6.3730
ss_40             7          -3.5534         2.9837         0.0445        -6.1620        -5.4961
ss_40             8         -13.5806       -10.3658        -8.8889        -9.2766        -7.2623
ss_40             9           1.8826         1.6088        -3.6676       -10.6860       -12.1967
ss_40            10           5.3196         5.4913         4.9406         3.8155         5.2248
ss_40            11          13.8271        18.2662        20.7982        20.6560        20.4283
ss_40            12          -7.8980        -8.4369        -5.0167         1.5993        11.8912
ss_40            13          28.6230        32.2820        34.3558        34.7900        30.7588
ss_40            14          21.6906        23.0638        23.5093        26.9433        26.8850
ss_40            15          -2.7033         2.3741         6.2961        11.0011        16.1113
ss_40            16          34.9482        36.8006        38.4437        38.7003        29.7916
ss_40            17          18.7519        25.7727        29.7072        30.8671        27.6988
ss_40            18           9.4027        11.6438        10.5607        10.4151         7.0441
ss_40            19          14.3006        18.3468        20.3925        18.8266        13.0071
ss_40            20          36.1030        37.4801        35.5356        30.1965        22.9269
ss_40            21          32.8311        33.8974        31.1916        24.4152        16.9853
ss_40            22           5.9371        13.1659        14.4232        11.6014         6.2937
ss_40            23         -17.4855       -19.5110       -23.1137       -23.3756       -24.7238
ss_40            24          25.3821        24.6012        24.7610        24.7251        19.9377
ss_40            25         -11.3679        -5.6985        -2.1307        -3.9208        -5.7867
ss_40            26          20.7122        25.4826        25.3072        22.8531        17.7214
ss_40            27           6.2524        11.1067        13.4306        11.9572         6.8074
ss_40            28          17.5819        23.0993        23.8230        22.0150        18.2015
ss_40            29          -4.2823        -2.8132        -0.7364         0.9001         2.1278
ss_40            30          23.0694        24.6360        23.4094        21.7164        16.3654
ss_40            31          21.7107        20.6743        17.0946        13.3150         7.4663
ss_40            32          -2.8690         1.7041         4.8786         8.7402         9.9371
ss_40            33          10.8262        13.9634        15.4510        14.3814        10.6810
ss_40            34          -1.4035         0.5497         1.2205         0.4171         0.5412
ss_40            35         -27.6171       -20.9944       -13.5622       -10.1770        -5.2550
ss_40            36          18.9711        20.1576        20.9261        20.2917        21.9427
ss_40            37          -7.9535        -2.2202        -2.1916        -4.9848        -5.0334
ss_40            38         -21.6286       -20.3005       -15.9391       -13.5665       -10.8454
ss_40            39         -17.0503       -12.9802        -8.6575        -1.9803         1.6916
ss_40            40          -7.6314        -1.7827         0.5207         3.5480        10.6626
ss_40            41           5.8886         9.7935        11.7918        12.3534        12.6673
ss_40            42           3.3685         5.9537         9.4002         9.9478         7.1875
ss_40            43           2.9486         3.0137         4.3626         5.3913         3.7675
ss_40            44           5.2066         4.1821         1.8119        -5.8505       -13.7054
ss_40            45          -7.4856        -7.8576       -11.0770        -9.0239        -9.3964
ss_40            46          -5.1671        -2.8373        -1.9290        -0.3440         1.3937
ss_40            47          -3.4268        -0.7784        -2.0874        -3.6270        -9.5655
ss_40            48         -16.0144        -9.3870        -4.9764         2.8065         6.3481
ss_40            49           4.3562         6.6409         5.5141        -0.8495        -5.1697
ss_40            50          18.7684        19.0629        16.0842        10.0497         6.8500
ss_40            51          26.0876        32.4632        29.3302        21.3158        16.6254
ss_40            52          21.8167        28.7211        30.1775        30.2120        24.4587
ss_40            53          18.0004        23.6446        27.4865        26.2048        22.3206
ss_40            54          19.6007        28.7716        26.3060        23.5065        20.3040
ss_40            55          18.8637        16.9087        16.0414        17.2604        14.7135
ss_40            56          -0.2397         4.3854         6.1460         0.8471        -0.8237
ss_40            57          32.8728        36.2966        35.1877        34.8016        30.6539
ss_40            58          10.8695        10.8924         6.5035         2.4070        -1.2630
ss_40            59          30.6976        36.0518        34.2969        30.4055        25.5277
ss_40            60          13.4522        17.3437        13.6201        10.0991         4.6226
ss_40            61          -9.8497        -4.8579        -3.0223        -1.0083         0.8268
ss_40            62          21.2462        22.4958        19.1269        17.5166        16.7276
ss_40            63           4.1280         9.6060        12.1143        12.0976        12.0603
ss_40            64          15.9610        10.1961         3.0802        -3.5400        -6.1714
ss_40            65           0.2299         3.9601         1.7142         0.3796        -3.8031
ss_40            66           1.1243         5.7571         8.2309         5.9198        -1.9201
ss_40            67          29.7844        34.9596        38.0244        35.7893        31.3482
ss_40            68           3.9758        11.8991        16.8869        17.6865        15.8538
ss_40            69          11.8545        19.0720        23.2367        25.8330        21.3717
ss_40            70           3.4344         6.7343         6.5879        -1.1453        -7.6006
ss_40            71         -12.4153       -13.1023       -19.0659       -24.5379       -25.7994
ss_40            72          13.0366        17.9246        22.7606        24.9850        22.1401
ss_40            73          25.6168        23.6678        16.9921        15.8684        14.5890
ss_40            74          25.6846        32.3603        35.7498        31.6436        24.3002
ss_40            75           9.0462        12.1648        10.2658         5.5652        -1.4334
ss_40            76           0.5899         1.4563        -3.4895        -8.3288       -12.0134
ss_40            77          33.4091        39.3133        36.3911        32.6216        25.0219
ss_40            78           7.2525         7.4107         5.0252         2.4590        -3.6004
ss_40            79          -8.3342        -2.1483         3.4708         6.5948         8.5810
ss_40            80          15.1507        16.0256        14.7380        13.2428         9.4478
ss_40            81          -4.4076        -2.8930        -8.5225       -12.3448       -12.3627
ss_40            82          -0.9784        -1.7639        -3.4809        -4.7611        -3.5736
ss_40            83           8.0904        11.2717        13.0219        16.1626        13.0303
ss_40            84          37.7167        37.5293        33.7419        30.8216        28.7184
ss_40            85          -3.9588         2.5699         4.1951         1.9694         0.0647
ss_40            86          -6.2373        -4.5733        -7.0465       -10.9627        -9.6956
ss_40            87          23.0840        24.9962        20.9176        15.2372         9.4935
ss_40            88           2.2967         3.3222        -0.0192        -2.8384        -1.3099
ss_40            89           5.3079        10.7051        11.4315         8.5129         3.7292
ss_40            90           5.6410         8.5769         8.8831        11.5593         7.8126
ss_40            91         -11.3400        -7.4043        -0.1790        -0.7877         0.2461
ss_40            92           5.6456         4.3894         7.5628        11.2916        17.3296
ss_40            93           5.7225        12.8057        14.4710        13.8623        12.9729
ss_40            94          34.1103        33.8060        27.9077        24.2636        23.2976
ss_40            95          30.8698        31.5505        32.8441        31.7068        25.9508
ss_40            96           3.2558        11.7884        14.2335         9.2189         6.7935
ss_40            97           4.5883         8.8674        11.2279        13.1302        15.1450
ss_40            98          -5.2005         0.7407         0.4526        -3.0313        -7.6923
ss_40            99          12.6402        21.9236        26.5065        25.6517        21.0706
ss_40           100           2.9460         1.4633         3.9296         4.0144         9.1932
ss_40           101          15.1357        20.1474        19.2986        16.9242        14.3918
ss_40           102          14.8264        14.0029        12.8816        10.1665         6.4542
ss_40           103          15.4959        20.8551        25.1915        26.7424        23.4861
ss_40           104          16.4748        22.7541        17.9256         7.8470        -1.7950
ss_40           105          -5.3270         0.6795         2.8182         1.0551         1.0731
ss_40           106          -9.3063        -4.0849        -2.7462        -6.4415        -8.2387
ss_40           107          -0.5595        -2.7949        -5.1898        -5.7415        -6.9429
ss_40           108           9.7409        11.8319        14.8889        16.9841        13.5808
ss_40           109          -6.2162        -1.6899         0.7194        -1.3965        -3.4427
ss_40           110         -20.2610       -16.0687       -12.5715        -9.0274        -7.0099
ss_40           111           3.6049         3.1315         1.7077         1.4423         2.7194
ss_40           112          38.5789        42.3685        39.1542        32.3020        26.2004
ss_40           113           0.3992         3.7982         4.1014        -0.7809       -11.9456
ss_40           114         -11.7060       -12.7814       -12.1844       -11.2834        -5.7356
ss_40           115          18.0832        25.1085        28.7227        28.0347        23.4803
ss_40           116          20.7830        18.9712        19.2817        18.9471        19.5766
ss_40           117          35.0626        34.4573        30.8925        25.8165        19.4736
ss_40           118          31.7614        40.0938        39.0781        34.4413        23.4173
ss_40           119          18.8767        25.4416        26.3176        26.1980        21.1963
ss_40           120         -21.9123       -25.0705       -28.3666       -26.3093       -26.2309
ss_40           121         -16.6283       -14.0206       -17.7614       -21.3879       -22.9313
ss_40           122          34.1901        39.1152        37.3545        31.5314        23.5077
ss_40           123          -7.3408        -2.3699         3.6547         6.2111         5.9645
ss_40           124          -9.5711         1.0462         5.0909         5.5314         3.1942
ss_40           125          12.5082        13.2481        12.1860         8.4491         2.9287
ss_40           126           1.8653         1.7188        -4.1101        -3.6415        -2.7077
ss_40           127          16.8546        18.5265        13.5748         7.1654        -4.8785
ss_40           128          33.4887        29.8146        25.3982        21.8549        15.3097
ss_40           129          28.7058        33.3252        33.3836        29.5262        24.5586
ss_40           130          19.6389        20.8811        15.1532         8.8759         4.2971
ss_40           131          -3.4324         3.4976         9.3902         8.6386         7.4031
ss_40           132          48.2132        54.8905        53.8143        53.6172        44.0927
ss_40           133          -9.5741        -3.3327        -0.9180        -0.9334        -4.3736
ss_40           134          -7.9509        -2.3834        -0.0733        -2.2048        -2.6595
ss_40           135          -4.1039        -1.3024         3.6450         3.1105         1.5976
ss_40           136          -7.6336        -4.6825        -1.1604         0.1585         0.1140
ss_40           137          22.0440        11.4284         3.8857         1.2499         2.6457
ss_40           138          14.1582        16.5713        14.4089        11.1412         6.8091
ss_40           139          -0.7251         2.6870         7.8732        11.8475        14.3150
ss_40           140           1.8751         4.2801         3.9287         2.2688         3.4763
ss_40           141          18.1864        19.4725        14.3987        11.7713         8.0191
ss_40           142          25.8762        27.7651        28.2108        28.8170        26.9533
ss_40           143          45.4011        42.8411        38.5192        37.0685        34.3108
ss_40           144          -5.5715         4.1057         5.5103         3.2601        -0.6292
ss_40           145          16.7039        20.3414        21.9560        21.7428        21.2162
ss_40           146          16.4304        17.5192        17.9626        15.6123        14.0146
ss_40           147          -3.2966         7.1400        11.3614        10.4870         9.3422
ss_40           148         -18.2969       -14.0118       -10.7855        -7.5772        -4.8664
ss_40           149           6.6228         8.6061        11.4055        12.3804        12.3836
ss_40           150          -2.1314        -5.1650        -3.2361         3.9954         9.9342
ss_40           151          17.1634        20.7455        19.9060        19.0000        18.7594
ss_40           152           -.----         -.----         -.----         -.----         -.----
ss_40           153           6.5657        12.8374        15.9610        14.9647        11.5552
ss_40           154          15.7002        17.8464        18.4262        20.7052        20.7658
ss_40           155         -17.3224       -14.5653       -14.2858       -15.1864       -17.5100
ss_40           156          -5.7560         3.3033         5.9744         7.1953         5.5956
ss_40           157         -24.2303       -14.9814        -1.2824         6.5307         8.9588
ss_40           158          26.3471        27.5158        26.2418        26.5736        22.1803
ss_40           159          43.1037        47.3330        43.0991        37.5457        29.6070
ss_40           160           7.8625        12.5601        13.2881        10.7695        10.2256
