Filename       Segment   T324T364Fz-ASNM T324T364FCz-ASNM T324T364Cz-ASNM T324T364CPz-ASNM T324T364Pz-ASNM
ss_48             1         -17.8030       -23.1416       -28.2893       -26.8460       -20.8722
ss_48             2          18.9175        16.0989         7.2792         3.6603         1.0961
ss_48             3         -13.4584       -14.4082       -14.3725       -14.0547        -8.4359
ss_48             4          -4.7743        -8.0241       -11.1671       -13.8801       -15.8856
ss_48             5          -4.4387        -7.1741        -3.6648         0.7465         3.7112
ss_48             6         -30.1736       -34.5836       -27.6772       -21.4236       -19.8113
ss_48             7          -3.9739        -2.3286        -9.0344       -10.3474        -3.5126
ss_48             8           1.7114         2.5437         6.8397         5.2153         2.3091
ss_48             9           0.2970        -4.1760        -5.3223        -6.4934        -6.6434
ss_48            10           6.3418         8.8920         3.5522         0.9864        -2.9124
ss_48            11           1.5902        -2.1233        -2.2700         0.1840        -0.9235
ss_48            12           7.2218         5.7746         7.1534         6.7307         2.6489
ss_48            13           4.4549         4.6332         7.1178        10.6312        10.3828
ss_48            14          36.8069        18.0467         3.8534         4.2788         7.5061
ss_48            15          21.7400        22.0639        15.1523         8.5064         3.4579
ss_48            16         -32.5550       -31.2277       -23.5718       -14.6641        -4.5037
ss_48            17         -10.7685        -7.7110        -1.0966         2.6342         4.0287
ss_48            18          11.3012        11.8420         9.6367         8.3975         1.7214
ss_48            19          -8.2403        -6.8810        -6.8169        -4.3536        -6.3082
ss_48            20           2.7814         1.6320        -4.6241       -13.4039       -18.1392
ss_48            21          23.9300        20.6269        17.3297        15.8897        13.2552
ss_48            22          18.7824        17.2567        21.4390        22.3347        19.0889
ss_48            23         -11.6566       -10.3764        -1.9231         3.5043         9.8793
ss_48            24           5.4692         8.8128        13.3075        18.0195        23.2382
ss_48            25          32.3407        13.3547         4.5516         0.2524        -3.5464
ss_48            26         -22.2380       -19.0578       -12.3828        -8.1203        -1.8277
ss_48            27           1.9184         3.9102         5.5014         9.3985        13.9809
ss_48            28          10.8578        13.4797        24.7608        28.2566        26.4626
ss_48            29           -.----         -.----         -.----         -.----         -.----
ss_48            30          24.8984        23.7240        30.6929        33.1449        30.0396
ss_48            31         -13.0759       -10.3400        -7.7164        -4.3743        -1.8633
ss_48            32           4.2352        11.3129        15.5736        16.7739        13.3468
ss_48            33         -15.4859        -7.7793         2.9656        12.6161        15.9889
ss_48            34         -40.5282       -26.9241       -20.3140       -18.3839       -15.2389
ss_48            35          41.4754        45.5985        43.2656        43.0532        42.9736
ss_48            36          20.5612        20.1161        20.6291        24.1477        22.7025
ss_48            37         -37.7786       -24.9015       -19.2701       -15.5686       -16.9716
ss_48            38          -1.1369         8.3291         8.9645        14.9522        15.9605
ss_48            39           1.8166         8.8125        20.5196        24.1027        24.9350
ss_48            40          17.9123        22.1613        22.8753        22.8832        15.6984
ss_48            41           3.7850         2.8104         3.3653         2.2824         0.6658
ss_48            42           6.0189         6.8250        -1.4234        -4.6577        -5.7053
ss_48            43         -15.6016       -12.2165       -16.4189       -18.4755       -19.9429
ss_48            44          19.1910        20.1824        14.9325        10.8335         5.1141
ss_48            45           3.5688         4.7063         7.8041         9.1317         9.8111
ss_48            46          -0.9252         3.7232        13.5742        19.5706        22.4646
ss_48            47          17.0372        15.9958        18.4436        20.6354        18.6669
ss_48            48           6.3056         7.4795         4.8725         2.7812         2.2445
ss_48            49          37.9952        40.7468        41.7992        45.0952        40.8098
ss_48            50          -5.4335        -7.2429        -6.4865        -7.6959        -6.3355
ss_48            51          23.3609        20.7747        22.6378        16.9454         8.2546
ss_48            52          11.3801        22.3687        37.9528        48.0429        52.3850
ss_48            53           2.4928        -1.1991         1.2439         1.4463        -1.1011
ss_48            54          12.1299        11.0905        10.4543        10.1614         9.0761
ss_48            55           7.2189         8.2421         5.2070         3.5004         4.0172
ss_48            56           2.0827         2.4606         5.1699         5.0414         4.3755
ss_48            57          33.2679        36.5047        39.7024        36.9274        31.3261
ss_48            58          -2.6641        -0.9061         2.8617         4.8155         2.9875
ss_48            59          13.2923        16.1300        18.0324        17.3385        10.1644
ss_48            60           4.4873        11.5755        22.2703        25.5646        23.1085
ss_48            61         -11.8135        -5.5846        -4.0234        -1.4414         0.1416
ss_48            62           8.0934        13.6784        13.3475         9.7786         2.4870
ss_48            63          15.9555         9.8490         9.0189         6.7133         2.8024
ss_48            64          30.8072        33.1849        36.3754        32.7434        26.8654
ss_48            65           0.6028        -2.3494        -5.2603        -5.4986       -10.1407
ss_48            66         -11.8766       -10.7483        -6.8517        -3.4112        -2.1881
ss_48            67           5.9141        11.7929         0.2956         3.1123         5.7154
ss_48            68          21.3779        23.8262        20.0177        13.9185         5.6331
ss_48            69           0.0966        -1.9942        -7.4411       -11.5334        -8.6317
ss_48            70          17.1476        21.2901        16.0656         6.0686        -8.2407
ss_48            71          -6.2240        -4.5175       -11.6436       -12.7115       -13.7216
ss_48            72          27.4479        32.6981        31.7832        30.8650        26.0267
ss_48            73          36.4248        41.6279        44.0359        46.8559        44.1807
ss_48            74         -35.9564       -28.5957       -13.0426        -9.5357        -6.9785
ss_48            75          30.9792        39.0573        37.0188        40.2837        40.6243
ss_48            76          -1.4334         5.9012        11.3804         9.1066         6.4898
ss_48            77         -14.5358        -8.4907       -10.1931        -7.9674        -7.9405
ss_48            78          52.9843        60.5368        61.1668        56.3570        49.5575
ss_48            79           5.2508         1.4989         8.4393        13.6501        16.0241
ss_48            80         -23.3646       -15.0691        -6.2379         4.3196         8.3023
ss_48            81           4.9625         8.6497        16.8452        22.0760        26.4273
ss_48            82           1.6475         4.9031         1.1548         1.6682         1.4202
ss_48            83           8.0597        15.9684        21.8407        24.7023        21.5634
ss_48            84         -13.2977        -3.9118         1.3431         6.8311         8.9541
ss_48            85          -6.2069        -7.4555         1.0639         5.0546         7.8325
ss_48            86          27.4614        34.3024        39.8784        38.9326        32.4455
ss_48            87          -0.6428         8.2534        18.3079        25.1346        23.1325
ss_48            88          -0.4372        10.7736        13.8191        13.0213        13.3212
ss_48            89         -14.7549       -13.0315        -9.2586        -8.9370        -6.7651
ss_48            90          68.6999        65.8622        53.9160        41.1039        36.4172
ss_48            91          -4.5815        -3.0252        -8.0701       -10.5830       -13.0808
ss_48            92          28.4266        17.0880        19.7093        11.8779         6.6436
ss_48            93           5.0811        23.5334         8.1074         0.5531        -5.0285
ss_48            94           1.1666        18.4059        19.9825        19.4932        18.2485
ss_48            95           5.1331        16.3615         8.4544         0.9114        -1.7825
ss_48            96         -17.4138       -15.3147       -12.9156        -9.5092        -5.8153
ss_48            97          11.0822        18.0002        24.2456        23.7486        21.8965
ss_48            98          63.1513        48.9481        40.8674        40.0698        34.7764
ss_48            99          31.1162        22.6019        15.5027         4.7522         2.0294
ss_48           100          28.0579        44.5573        51.0521        50.6238        45.7429
ss_48           101         -17.0466       -10.1299        -3.5478         0.9258         3.6489
ss_48           102          -8.7855        -4.2257        -7.7993        -9.5214       -11.7109
ss_48           103          17.1923        28.4778        36.6083        40.1941        36.5904
ss_48           104           9.1656        10.8167        12.0457        14.5131        17.1638
ss_48           105          -5.3489         2.0143         5.9986         7.5855         5.3848
ss_48           106          18.1151        27.7090        39.8899        43.1605        37.3590
ss_48           107           5.2839        12.7004        21.7569        26.4328        26.5596
ss_48           108          -4.1535        12.8507        22.7963        29.4295        29.3048
ss_48           109         -21.8005        -3.6022         1.7369         6.3330         3.9049
ss_48           110           5.9244        15.6411        10.5750         4.0088        -1.7514
ss_48           111         -25.1011       -11.7910        10.9774        25.0179        29.0277
ss_48           112         -25.2229       -30.8513       -27.3743       -20.1286       -15.7327
ss_48           113          21.6077        32.9432        41.5568        40.4297        34.3361
ss_48           114          -6.1642         1.6787         8.4439         6.6199         2.3524
ss_48           115           2.5618         5.3897        10.6399        12.7991        10.1384
ss_48           116          -3.9408        11.2545        14.4801        13.3659        13.4889
ss_48           117          -0.5351         3.8957         1.4732        -0.7552        -6.0002
ss_48           118         -20.5612       -11.5621        -9.3115        -2.3487        -0.5569
ss_48           119           0.2816         5.7278         7.6593        11.0122         9.6499
ss_48           120          -2.6956         5.5363        11.7919        12.4728         9.1331
ss_48           121          21.5915        26.3163        30.9417        32.6825        30.6109
ss_48           122          24.1307        28.1110        33.8194        35.4765        33.4387
ss_48           123         -23.9227       -12.4982       -14.4929       -16.9779       -17.7626
ss_48           124          22.4599        32.0870        39.4119        39.7284        34.9726
ss_48           125           4.0528        16.7104        13.4967         9.7478         6.1099
ss_48           126          14.6894        21.5245        25.7548        29.7270        26.8520
ss_48           127          -0.7316         1.6791        -0.9405         2.6515         5.2976
ss_48           128          13.1428        27.7505        22.8126        21.1959        16.4284
ss_48           129          23.2052        27.1450        32.7722        31.9138        29.8238
ss_48           130          18.9749        25.2902        36.8068        38.6954        35.9771
ss_48           131          12.3046        18.0379        10.8683         5.5268         2.1295
ss_48           132          28.8309        30.7798        33.1479        29.5369        26.8573
ss_48           133         -10.6135         7.4617        19.7464        23.4359        21.6504
ss_48           134          16.6007        21.3073        20.3137        18.9936        15.7484
ss_48           135          14.3509        30.7668        24.8220        26.2684        27.1955
ss_48           136           3.4784        10.2634        17.7117        17.3499        17.8032
ss_48           137           2.6769        12.5990        19.2028        18.6678        16.3812
ss_48           138          -6.7424        -7.8264        -1.7708        -4.3027        -5.4152
ss_48           139           8.3481        -0.7035         3.2555         4.5164         2.5841
ss_48           140         -13.5171       -13.7794       -12.3170       -11.1423       -12.0817
ss_48           141          36.1260        21.6319        24.3125        22.8390        16.3934
ss_48           142          45.8229        36.7113        29.6224        20.3240        12.0734
ss_48           143          26.8613        30.0417        32.5022        28.3443        24.7598
ss_48           144          24.3600        24.4620        22.9730        22.8645        20.9336
ss_48           145           0.0667         3.9126         2.0087         4.2902         5.3012
ss_48           146         -17.9688        -6.7460       -10.0966       -16.3784       -21.3646
ss_48           147           8.6865         9.3595         7.3077         6.0116         2.5097
ss_48           148          11.5489        10.6960        15.6959        20.3842        18.6789
ss_48           149         -10.8694       -12.0923        -7.3443        -4.2757        -6.7493
ss_48           150          44.7320        30.5177        26.7619        25.3990        20.7422
ss_48           151          -3.1847         8.9736        12.8765        14.6214        14.3043
ss_48           152           9.0396        11.3681        20.2287        23.1313        25.5016
ss_48           153          50.6928        35.0635        32.0385        27.7446        19.3781
ss_48           154          -1.6011         2.4990         5.2672         5.6817         6.6537
ss_48           155          17.8388        23.2727        30.8887        31.8261        29.8300
ss_48           156          17.9937        25.7578        28.3732        26.1395        20.6167
ss_48           157          11.3183        17.8347        23.8808        26.2692        24.6013
ss_48           158          34.0522        37.8457        43.6732        41.8451        32.5652
ss_48           159          37.2207        39.2575        41.0161        39.1557        39.8413
ss_48           160          13.3203        19.0683        13.1440        13.0377        10.4144
