Filename       Segment   T272T312Fz-ASNM T272T312FCz-ASNM T272T312Cz-ASNM T272T312CPz-ASNM T272T312Pz-ASNM
ss_44             1           5.1940         8.1175         9.1687         6.1973         8.7366
ss_44             2          -6.9880         2.9017         2.5173        -5.8865        -1.3941
ss_44             3           3.9838        11.8892        10.8253         6.7649       -16.3928
ss_44             4         -10.2892         8.1631         3.4934        -2.7522       -11.6375
ss_44             5         -15.2957       -11.7893       -12.6893       -15.2160       -17.8184
ss_44             6           0.1400         1.5186         2.7959         1.7002         0.1397
ss_44             7           5.7160        14.1568        10.2785         0.5281       -32.7870
ss_44             8           2.7148         6.7130         4.9802         0.4639       -11.2079
ss_44             9         -13.4278        -2.8804        -0.8338        -0.6971         4.1631
ss_44            10          -2.1477        -6.7502        -0.6378         3.9352        48.1823
ss_44            11          -0.0617         3.1987         1.7523        -1.4743        -9.1329
ss_44            12           1.7056         6.0668         3.3100         5.6935        -7.5955
ss_44            13          14.6178        12.4896        13.0278        14.5626         1.0972
ss_44            14         -13.7774       -12.4957       -13.0357       -13.0198        -7.3785
ss_44            15           7.4124         7.6798         6.6739         3.3554       -19.3325
ss_44            16          -7.1303        -0.0755        -1.4447        -2.7470        -7.8851
ss_44            17         -12.3538       -11.6017       -14.6582       -15.8322       -22.4871
ss_44            18          -8.7476       -13.1920       -13.9803       -12.7470       -12.4607
ss_44            19           0.0275        -3.7343        -2.6848        -2.6294         2.5061
ss_44            20          15.7587         8.0280         8.3143         4.5837       -12.3791
ss_44            21           8.2527        -1.4808         1.6804        14.4054        40.7374
ss_44            22           2.9535         1.8876         0.5425        -4.2059       -20.4364
ss_44            23         -11.0635        -7.7655       -10.4489       -16.9257       -22.0902
ss_44            24          -5.5615        -7.3058        -8.6389        -8.5473       -18.5350
ss_44            25         -28.9833       -17.2715       -17.5963        -8.6442        14.9261
ss_44            26          26.2334         6.1375        10.5930        10.9168       -21.0235
ss_44            27           3.4011         5.9020         3.9276         3.7291         3.7349
ss_44            28          11.1172        14.2252        12.1256         0.9127       -21.3730
ss_44            29           5.6528       -15.6140        -7.8662        -2.3786        48.4839
ss_44            30         -14.7923        -3.0434        -6.2154       -11.6765        -8.6067
ss_44            31          10.5769        15.9986        14.2351         4.5518       -32.8015
ss_44            32           6.1149         6.2793         9.2820         1.8619       -10.4448
ss_44            33          11.4574         2.2368         5.3244         3.4773       -15.5288
ss_44            34          -1.0545        -3.8895        -5.6120        -2.6118         1.8790
ss_44            35          11.3445        13.4497        14.3545        17.6109        29.2456
ss_44            36           2.9595        -1.3580         2.9236        10.8648        71.4811
ss_44            37           1.1054        -3.8674        -2.2036         3.4097        17.1153
ss_44            38           3.4003        12.9717        12.2641        13.3674        18.6184
ss_44            39         -24.9556       -25.7077       -24.8805       -23.4692        11.9456
ss_44            40           4.8597         1.9866         4.5145         7.1649        25.1114
ss_44            41          -0.6181         4.2370         4.1830        -1.0669        -4.0742
ss_44            42          21.4352        21.2709        24.8753        20.2935        46.0867
ss_44            43           8.5210       -13.3810        -3.8807         8.7431       102.0770
ss_44            44          12.3206        12.3697        10.9834         2.4819       -39.6115
ss_44            45           0.8448         3.1179         4.7841         2.2205        -7.4470
ss_44            46          23.6822         9.7037        11.3513         7.5964         1.4517
ss_44            47          -0.7926        -9.8182        -7.4012       -10.1531       -28.8214
ss_44            48          -5.6191        -4.7288        -6.2511        -3.1823       -16.9160
ss_44            49          21.0227        18.0675        20.0190        26.4486        33.3788
ss_44            50          10.2352        15.6258        16.2518        10.4110       -24.8245
ss_44            51          16.8785         7.8310        12.0277        14.1178        28.4235
ss_44            52           -.----         -.----         -.----         -.----         -.----
ss_44            53          23.0788        25.8358        26.7716        25.6967        19.4368
ss_44            54         -13.3580       -16.5729       -14.3100        -7.4139        25.3649
ss_44            55          53.3238        10.5788        15.8531        42.0286       148.8000
ss_44            56          35.9135        23.0218        27.1819        33.8461        57.7253
ss_44            57         -26.1604       -16.9561       -19.9258       -21.2847       -26.2993
ss_44            58          10.5840        -3.5439         0.7242         4.4143        29.0469
ss_44            59          -0.6130        -1.3693         1.1701         0.8521         4.8117
ss_44            60           5.5856         7.4109         8.5540         8.0733         6.0144
ss_44            61         -28.0486        -8.8244       -11.8304        -5.2069        28.2845
ss_44            62           3.3010         6.4265         8.6749         3.5542        -3.2162
ss_44            63          19.9887        35.9379        34.7395        29.4361        46.7635
ss_44            64          13.8144        15.9440        16.0681        14.1114        12.0075
ss_44            65          -8.5783       -13.7836       -11.8227       -12.8159       -19.6917
ss_44            66           6.0567        12.1337        14.2735         6.1832        11.3373
ss_44            67          29.8928        23.5618        27.6002        30.2521        57.4908
ss_44            68          13.1164         7.1994         9.8761        12.4738         5.8007
ss_44            69         -16.3973        -7.9495       -11.7310        -9.9887       -16.8879
ss_44            70          14.5327         7.1868         6.4268        15.3387         2.5035
ss_44            71         -11.7246        -4.2653        -2.9888       -12.1497        -1.1273
ss_44            72         -17.7015        -7.2531        -3.6598       -18.1967        -7.4287
ss_44            73          -1.3994         4.7774         2.9164         3.2700       -11.3572
ss_44            74          -9.2660        -0.0943        -1.5153        -2.2295        -7.1122
ss_44            75          11.1172         7.2444         2.6300         6.4318       -15.2683
ss_44            76         -11.2909        -8.1188        -6.8112       -10.3728        -1.3898
ss_44            77           8.2727        11.2145        12.2596        11.2980         7.1074
ss_44            78         -15.6212        -5.4964        -5.0063       -15.0140         5.2350
ss_44            79          -5.9478        -5.5612        -3.2543        -9.3339       -11.2595
ss_44            80          -3.9448        -7.5434        -6.2120        -5.1003       -11.0494
ss_44            81           6.2927        11.1575        13.8275         9.8929         2.5710
ss_44            82         -11.4341        -9.6703        -9.0665       -11.1310       -24.2163
ss_44            83          -5.3554         2.8963         3.2130        -1.8936       -27.9405
ss_44            84         -13.0784        -3.6884        -5.0221        -7.0508        -3.2623
ss_44            85          17.3798        16.3625        17.2894        19.0827        21.1289
ss_44            86           0.9825         1.2344         3.2390         2.9179       -27.5521
ss_44            87           5.0949         0.0193         0.0804         0.8806       -34.7108
ss_44            88          15.2295         6.6165         9.3264        12.8525        22.7687
ss_44            89           7.1390        12.8979        13.3980         7.7214       -16.0635
ss_44            90          -2.9335        -6.6250        -7.2434        -3.0385        -5.8538
ss_44            91          -9.6660       -10.2400       -14.0745        -7.0271       -40.5518
ss_44            92          20.7432        15.6446        15.8364        17.8095        59.1251
ss_44            93          16.3550        24.0387        21.9969        25.6540        20.1385
ss_44            94          -7.7011         0.2669        -1.2629        -7.8286       -17.8701
ss_44            95         -10.3093       -17.0327       -16.8709       -14.6885       -15.1646
ss_44            96          23.3501        14.8570        13.6329        16.4102        55.3097
ss_44            97           4.4192        27.5144        26.7692        22.8727        -1.0956
ss_44            98          -3.4791        -6.0122        -6.2896        -4.2763        -8.7784
ss_44            99         -34.2911       -10.5018       -11.2814       -24.2016       -82.9563
ss_44           100           3.0849         5.8763         9.2803         2.0730       -24.6630
ss_44           101          -5.1926        19.5956        18.4103         9.6880       -17.3682
ss_44           102           2.3638         4.7702         2.7155         4.9257        12.9048
ss_44           103           -.----         -.----         -.----         -.----         -.----
ss_44           104          24.0490        20.9372        22.6111        26.0127        35.6285
ss_44           105          -2.7953         0.3681        -0.8396        -8.6587       -12.4467
ss_44           106          -4.5826        -3.8792        -3.8912        -5.5990        -8.0714
ss_44           107          -0.7737        -6.0266        -5.3004        -4.6450        -2.0399
ss_44           108          11.7325        15.0184        16.2697        14.8791        13.0499
ss_44           109           2.6233        15.9546        12.7584        14.3341        -6.8203
ss_44           110          -6.6247         5.9232         6.1322         0.4017       -22.4117
ss_44           111          -0.6985         5.0694         3.1206         2.8529       -24.3033
ss_44           112          -6.5133        16.8814        15.5378         6.8230       -56.7671
ss_44           113           7.8807        20.9132        26.1257        15.3095       -39.4530
ss_44           114          11.4244         3.0771         4.8531        11.9715        59.1049
ss_44           115           8.4862        22.6145        25.3137        14.9547        -4.3193
ss_44           116          18.2302         4.4762         6.0206        12.0662        27.8943
ss_44           117          -4.9205        -3.7084        -5.2483        -3.2753        -1.4153
ss_44           118          -3.9031        -4.7803        -3.2439        -1.1890         3.0435
ss_44           119          11.0099        14.8397        16.4740        13.7036        10.2450
ss_44           120         -12.3368        -2.9593        -6.2008        -6.7385       -19.7001
ss_44           121           5.8712        14.8667        14.6461        13.8750        -0.2043
ss_44           122          -6.2498         2.0777         3.5273        -5.8631        11.4917
ss_44           123           7.1581         2.7058         3.5673         6.7141         7.1151
ss_44           124          32.0185        39.7666        38.8827        38.4706        31.2085
ss_44           125          -2.3163        14.8722        11.6645         9.0439       -20.9347
ss_44           126          -4.0005        -0.7484        -0.3138        -0.6794       -19.0015
ss_44           127          27.6214        22.2596        22.8173        26.7609         6.2940
ss_44           128          -6.4677        -7.0044        -7.2805        -5.8906         5.1310
ss_44           129          18.6944        11.4556        12.5816        18.0496        41.2343
ss_44           130          11.9246        11.5127        12.2893        15.7012        38.1173
ss_44           131           5.9507         3.3985         7.1922        -7.3768        20.6310
ss_44           132          -5.4461         0.0303        -4.2171         3.4553        40.2225
ss_44           133           0.6754         0.8244         0.3080        -2.1498         3.2904
ss_44           134          -1.3232         2.4048         1.5571         0.9876        -6.1057
ss_44           135           -.----         -.----         -.----         -.----         -.----
ss_44           136           7.7739         2.5253         4.2006         4.7487         6.6584
ss_44           137          11.3915         9.5673         7.2098         9.0800         6.7372
ss_44           138          13.3880        11.5084        11.5582        11.0631        29.5076
ss_44           139          -1.5592         2.0569         4.5484        -0.3983        -8.5522
ss_44           140           5.5374        12.7578        13.2293         9.7374        15.1932
ss_44           141          25.6861        26.4946        29.0958        32.9329         5.0746
ss_44           142           9.7934         9.4787        12.4616         9.9807        -5.9755
ss_44           143         -11.8138       -14.4111       -14.3646       -21.0199       -13.1063
ss_44           144           1.8065         2.2316         0.4212         2.5859         6.4221
ss_44           145          25.6699        23.2875        25.3869        26.3820        37.6390
ss_44           146          29.3757        22.1793        23.4503        28.9683        54.5582
ss_44           147          13.9093        18.1031        19.0427        19.1334        16.0119
ss_44           148           4.0814         4.1636         6.0337         2.2032         1.8664
ss_44           149           2.9889        -0.6249        -0.9472        -0.9187        13.8853
ss_44           150           3.7058         5.8133         7.0236         3.7093        -7.6220
ss_44           151           1.7399         1.3641         1.8332         2.3426        32.9113
ss_44           152           9.4028        14.3576        14.8131        17.0936         4.0330
ss_44           153           9.5378         4.2363         5.3473         9.1174         8.5994
ss_44           154           5.3892         6.0602         5.5081         8.1666        11.2616
ss_44           155           5.8885         8.4242         8.6086         8.4663        12.6152
ss_44           156          21.6143        21.7941        23.6922        21.9487        24.1641
ss_44           157           3.9845         2.0020         2.8012         1.1363        -4.5655
ss_44           158           0.7966        -5.4728        -4.9805        -3.8336         4.0843
ss_44           159          19.0733        22.7343        25.3285        22.6274        16.9065
ss_44           160           3.7477         2.9509         4.3453         5.4691        10.0604
