Filename       Segment   T220T260Fz-ASNM T220T260FCz-ASNM T220T260Cz-ASNM T220T260CPz-ASNM T220T260Pz-ASNM
ss_46             1           0.2430         5.3730         3.9180         5.9090        -0.9523
ss_46             2          14.2061         8.3648         4.7285         4.1683         2.2626
ss_46             3           8.0274        11.6808        13.6835         6.5494         3.0691
ss_46             4           6.1357         7.7500         5.1908         6.0425         5.6648
ss_46             5          34.4533        33.3425        34.6962        31.0056        27.1487
ss_46             6          12.1805        12.9291        12.1171         1.8921        -5.9174
ss_46             7           4.4187         7.0442         7.0480         7.9606         6.7853
ss_46             8          -0.9616         0.5442        -0.5376         3.4185         8.0697
ss_46             9           7.0761         6.7970        14.1025        15.7840        14.9455
ss_46            10          21.2744        24.7546        22.4812        15.4092         8.3358
ss_46            11           2.9455         6.0589         5.3563         3.5264        -0.1540
ss_46            12          -4.0003        -4.7654        -5.1861        -7.0082        -7.0074
ss_46            13           2.7880         4.4707         7.5715         5.9756         8.6277
ss_46            14           2.5489         1.6591        -3.5260         0.0100        -4.0321
ss_46            15          -2.0016         1.7956        11.3538         9.7046         8.3919
ss_46            16          16.8548        25.3611        26.1263        19.9413        13.6428
ss_46            17           2.3288        12.4712        16.6590        18.0466        16.1006
ss_46            18           6.9687         5.3535         4.7354         7.7415         2.3203
ss_46            19          26.2260        29.0709        23.1249        24.9614        20.7360
ss_46            20          16.7901         8.4286         7.9692         7.0194         1.5591
ss_46            21          -6.2151        -8.8095        -2.2206         0.9880         2.5227
ss_46            22          17.2501        27.7950        27.2851        19.3820        11.3056
ss_46            23          17.0546        10.9255         7.8880         7.7341         3.7831
ss_46            24          11.1685        14.6091         7.6948         1.0629       -11.0071
ss_46            25         -15.6252       -10.2359        -6.3574        -4.2732        -3.5065
ss_46            26           0.6046        10.6957        18.3406        17.4214        16.1263
ss_46            27          12.5160         7.7829         1.7976         0.3241        -0.5326
ss_46            28          26.6836        20.8790        11.5697         0.9272       -10.1303
ss_46            29          -6.0104       -12.7679        -3.9898        -1.4083         2.3622
ss_46            30          17.4955        19.8861        18.3108        13.9856         3.7381
ss_46            31          -2.6148         1.8494         1.2053         3.2896         9.9684
ss_46            32           7.3993         7.9531         5.9752         5.5863         3.6327
ss_46            33          -3.8914        -6.2066         3.7532         9.6346        11.7513
ss_46            34          34.6490        24.1258        24.6762        25.9354        23.5390
ss_46            35           4.8586         4.2537         6.9604         5.3321         3.5699
ss_46            36          -2.1837        -2.0187         8.5334        13.5923         7.3249
ss_46            37          -2.8065        -5.2363        -2.4398        -2.2350         2.6512
ss_46            38           9.1202        10.9282        17.6055        21.8578        18.5545
ss_46            39           8.0874         6.2039         5.9966         5.1923         4.7798
ss_46            40          -5.1901        -3.7686         4.4964         5.3650         4.2795
ss_46            41          18.0314        12.1535         9.2821         5.6291         0.1795
ss_46            42         -23.4357       -23.4852       -13.2815       -11.1614       -12.5849
ss_46            43          -3.2269         8.0098        16.7907        12.3873         8.1645
ss_46            44         -30.6626       -20.1499         6.8688         6.5866         1.9972
ss_46            45           5.7855        11.7321        13.1232        10.8798         4.3363
ss_46            46          20.3863        25.0070        23.2959        19.7632        11.5787
ss_46            47          -9.1699        -0.9057        -6.8427        -3.3833        -2.1914
ss_46            48         -16.0767       -15.1143        -2.8399        -3.3590         5.2421
ss_46            49          11.1237         5.9502        -0.8604         0.6351        -0.5062
ss_46            50          -3.1780         8.2468         9.3549        13.8686        17.1919
ss_46            51          11.8137        20.6389        23.6612        28.7783        22.5839
ss_46            52           7.0289        12.1630        15.2308        10.8007         3.9070
ss_46            53          -1.5142        -2.8774        -4.4151        -0.3439        -5.6351
ss_46            54          -2.1902        -2.8278        -2.6541        -8.9413       -14.3122
ss_46            55          -9.3522        -4.0380         8.5253         8.5489         5.9422
ss_46            56           7.9418         8.6330         8.6074         3.5996         2.0499
ss_46            57          -0.1785        -3.4401       -12.1456       -15.4731       -15.1158
ss_46            58           9.5884        10.9400         8.5467         2.9718        -7.8413
ss_46            59          18.7051        21.6608        22.2336        22.4468        23.0706
ss_46            60          28.6888        33.6211        30.4415        19.9375        11.9785
ss_46            61         -11.3921       -10.8061        -5.8860         2.9736        -0.3122
ss_46            62          -1.3916         9.3438        11.9100         5.5595        -1.9488
ss_46            63           3.4930         3.2835        10.5155        11.3943         6.2911
ss_46            64           3.9876         1.1224         1.6986        -0.6518        -3.4681
ss_46            65          -1.5484        -2.9559         1.9851         6.0372         2.7401
ss_46            66          -1.2558         6.2549         2.9819         9.0843         9.4086
ss_46            67          10.0297        10.6430         7.6397         3.0919        -1.0985
ss_46            68          21.0825        23.4975        21.5231        12.9451         9.3516
ss_46            69           4.5341        14.0971        19.8201        17.4297         8.5890
ss_46            70           6.2067        11.3457        11.4493         7.5398         3.0695
ss_46            71           6.1432         8.3259         6.1865        -1.1846        -5.8260
ss_46            72           4.8981         6.7742        10.9092         6.7717         1.8222
ss_46            73           0.2632         8.6072        12.7960        10.2294        10.0614
ss_46            74          -2.8995         1.0139        10.2949         8.4029         5.5444
ss_46            75          -7.6146         0.9954        -0.4533         5.2389         9.1926
ss_46            76          -4.8922        -2.6156        -1.3274         1.8716         0.4396
ss_46            77          14.6388        21.0872        27.6339        25.6985        20.9277
ss_46            78           7.5261        15.4895        23.8964        19.4495        20.1112
ss_46            79         -10.4090        -7.2856         3.1837         7.7019         5.3203
ss_46            80          -9.4489       -14.8946       -17.7444       -18.9642       -18.3282
ss_46            81           4.6822        13.7331        16.5954        17.1715        16.6803
ss_46            82           1.0326        -2.7536        -2.3146        -0.1306        -5.3347
ss_46            83          -6.8647        -0.8985         9.5205        11.0910        11.3505
ss_46            84          13.8145        10.8377         8.7511         0.2150        -8.0989
ss_46            85          -0.4298        -0.9016         2.0278         3.8995        -0.6196
ss_46            86          -6.0300        -4.4412         4.5268         5.3862        -0.0158
ss_46            87          11.1305        16.3808        38.8696        24.4009        16.9827
ss_46            88           4.7904         2.7344         5.9763         7.7336         8.1859
ss_46            89          19.9751        19.0226        14.7212         4.7436         2.3510
ss_46            90          12.9655        16.3621        17.1961        13.6886        13.4003
ss_46            91          -9.3487        -0.8652         5.6229         5.6693        10.0325
ss_46            92           7.4896         1.7891         3.9611         4.1751         7.3122
ss_46            93          13.3189         3.3188       -12.9705       -16.7250       -23.9704
ss_46            94         -13.9422       -13.6738        -1.6513        -7.4038        -8.6223
ss_46            95          12.4654        18.4396        22.9510        21.3235        17.8563
ss_46            96          -6.5026        -4.6761        -3.1964        -1.0204        -1.9156
ss_46            97         -16.2499       -14.8684        -5.4462        -8.8743        -9.8379
ss_46            98          -3.4967        -1.6894        -1.4483         4.2609        -0.8965
ss_46            99          10.6272        18.4666        19.8003         9.9820        -3.1398
ss_46           100          12.7632        24.5223        24.2371        17.4963         8.7404
ss_46           101          -3.4100        -2.6243         7.0538         3.4616         1.7799
ss_46           102          11.4231         8.5783         6.1495         4.1638        -3.8560
ss_46           103          15.9836        22.0948        24.7169        18.3717        10.1708
ss_46           104          -3.4558        -4.9031        -1.9041        -2.2377        -3.8174
ss_46           105          -6.1037       -12.7836       -12.2682       -20.3122       -25.7381
ss_46           106          22.0652        20.8907        22.2705        17.7181         3.7506
ss_46           107          -3.2708         3.3197        16.2088        14.6137        10.3265
ss_46           108          21.6888        15.6130         3.5242        -0.7850        -1.0526
ss_46           109           4.8099         9.7456        20.2381        15.4526         8.7380
ss_46           110         -11.3791        -8.4349        -8.5377        -7.9354        -8.5597
ss_46           111           0.7055         6.5360         9.0984         3.4507        -1.4164
ss_46           112          16.2906        20.5089        27.4012        20.1933        13.7457
ss_46           113         -15.8655       -15.9451       -10.6523        -8.5156        -9.7114
ss_46           114          17.2651        20.6393        24.8510        24.0154        20.6951
ss_46           115           0.4561         9.0553        18.1850        10.7427         2.9902
ss_46           116          10.1777        11.2498        10.1144        11.4173         8.3216
ss_46           117           6.8858         6.1040         9.3586         8.4569        -1.7640
ss_46           118         -15.7280        -8.1308        -0.4777        -2.7248        -0.2431
ss_46           119          11.4127        15.1326        12.4765         4.3104        -0.3336
ss_46           120          28.6588        33.9969        32.7951        20.7479        11.1882
ss_46           121           1.5834         1.4288         3.3154         6.8004         4.3081
ss_46           122          10.3303        15.4780        21.5673        17.9532        16.1786
ss_46           123          19.1545        26.4041        20.8814        22.7377        21.5928
ss_46           124           9.5047        19.4228        21.1880        15.7156         7.8174
ss_46           125           3.8270        12.6364        15.1738        15.9840        12.5051
ss_46           126          17.2972        12.8471        11.0521         7.9560         2.2409
ss_46           127         -11.6789        -6.6767        -2.0488         0.2960         2.9932
ss_46           128          17.6698        18.0626        19.8320        13.8387         5.8774
ss_46           129           9.9603        14.8422        11.0811         0.6714        -4.2342
ss_46           130          15.9997        14.7669        15.4563        10.9419        11.3680
ss_46           131          -8.5569         0.8200        12.3198        11.6621         8.0987
ss_46           132           7.2343         5.2797         8.3417         9.7403        14.2687
ss_46           133           9.8795         9.5453        12.7892         9.8042         1.7829
ss_46           134          19.0361        24.8901        27.8576        29.2999        27.6691
ss_46           135          11.8487        15.8804        12.6805         8.2999         2.3681
ss_46           136          14.8176        16.6755        14.6084         7.6396        -0.1063
ss_46           137          24.5996        27.9932        32.7760        27.8187        17.3848
ss_46           138          -5.3538         0.4770        11.7938         8.4200         5.6737
ss_46           139           9.6702         9.2855        13.4155         6.0713        -0.2641
ss_46           140           2.9860         6.8832         3.2261         1.5949        -4.2569
ss_46           141          13.6634        12.0158         7.7939        10.6653        10.6658
ss_46           142           -.----         -.----         -.----         -.----         -.----
ss_46           143          10.1122        18.5867        24.0502        26.2045        19.1441
ss_46           144          26.4288        33.1026        31.8181        20.2774         6.3205
ss_46           145          13.7737        21.0142        25.5498        20.9495        13.5308
ss_46           146          10.3563         0.5792        -0.6560        -0.9619        -3.4360
ss_46           147          18.5421        23.7007        20.0394        19.3985        16.8019
ss_46           148          22.0954        24.5325        23.0366        28.3882        24.9723
ss_46           149          -8.2525        -7.4991        -1.2637        -1.3417        -1.2053
ss_46           150          -3.0358        -0.6087         3.0539         1.3939         0.3007
ss_46           151          12.5822        15.9146        14.9366         5.8143        -9.3842
ss_46           152          14.6824        12.4235        10.2699         9.4963         1.4029
ss_46           153          18.1279        19.3449        23.3431        19.3509        15.8616
ss_46           154           3.9363        11.8551        15.4150        11.4066         6.1091
ss_46           155           9.7401        16.1327        13.0186        10.3645         5.5207
ss_46           156          -9.5046        -6.0192        -6.5687       -11.3757       -10.7698
ss_46           157           4.2306         7.5512        15.3786        15.7268        11.0371
ss_46           158          24.5709        25.9657        26.4522        30.7805        25.5115
ss_46           159           0.9952        10.6391        20.4382        20.8228        14.9286
ss_46           160          16.7429        11.2127        15.9098         6.4651         5.3659
