Filename       Segment   T208T248Fz-ASNM T208T248FCz-ASNM T208T248Cz-ASNM T208T248CPz-ASNM T208T248Pz-ASNM
ss_43             1           9.4493         5.2021         3.9018         0.0263         2.7409
ss_43             2         -47.1035        -9.5114        -8.3629        -4.7990       -19.2671
ss_43             3           6.2572        15.6842        21.5847        18.6774        13.4459
ss_43             4         -17.5691       -16.0871       -17.2263       -12.4909        -3.9173
ss_43             5          -3.8015        -9.5494       -19.4402       -33.2410       -24.4718
ss_43             6           7.4888        10.0215        27.2403        12.8934        10.1069
ss_43             7           5.0892        14.7940        10.7560        17.4307         9.3647
ss_43             8          -9.3441        -4.2005        -7.0156        -7.2194        -9.0452
ss_43             9          -3.7508        -5.2439        -5.6644        -0.1738         1.3595
ss_43            10          15.7587        -0.8914         3.7230        -1.5960        -3.3907
ss_43            11           7.5845         6.5187        -0.2480         6.8040         8.7537
ss_43            12           4.0072         0.4509        -6.1454         2.7769        12.3132
ss_43            13           9.8838         3.2043        -0.8161        -4.5765        -8.6124
ss_43            14          12.2556        14.6336        23.9302        30.1376        26.0258
ss_43            15           4.4462        11.1031        31.6146        34.8245        32.2108
ss_43            16          -0.2286        17.2409        11.5427        16.2641        16.5621
ss_43            17           0.0604        12.4029        17.9574        21.6481        19.1295
ss_43            18           5.7090         7.4265         7.9095        14.8484        18.2235
ss_43            19         -32.3685       -31.3862       -27.6620       -20.5839       -11.7296
ss_43            20          10.4154        -3.0394        -5.8589        -4.7554        -5.0832
ss_43            21         -10.9819        -7.4406        -6.7721        -8.1968        -6.2966
ss_43            22           4.8808        11.3148         8.7467        28.8464        31.1186
ss_43            23         -67.4468       -38.8986       -22.2474       -12.1078       -10.6336
ss_43            24           0.0810        -3.5775        -0.6645         6.1736         8.4084
ss_43            25         -11.7392       -19.9176       -18.7162       -17.6310       -12.6124
ss_43            26          -2.4874       -12.0444       -15.2981       -17.9177       -19.3013
ss_43            27          -8.0315       -18.6256       -11.5699       -11.3896        -8.0268
ss_43            28           1.0850        -2.0875        -3.9569       -14.6183       -16.0012
ss_43            29           6.8326         8.7545        12.9112        18.0403        12.7371
ss_43            30         -18.9239       -17.3465       -13.1538       -10.3065       -12.1135
ss_43            31           5.3933         9.6980        14.7986        16.1443        15.2441
ss_43            32          -8.7222         1.8259         9.1894         8.7109         0.0841
ss_43            33         -12.8040        -6.8519        -7.4592        -2.7927         4.5859
ss_43            34         -10.5995        -7.2680        -1.0817        -2.5920        -6.5625
ss_43            35           5.1871        11.0554        20.8520        19.4935        14.5945
ss_43            36         -14.6361       -13.5683       -10.2619       -12.1522       -10.7498
ss_43            37         -27.2635       -21.1042       -19.2951       -19.4224       -13.9090
ss_43            38           6.6594         2.6150        -4.3370        -8.9264        -8.2404
ss_43            39           0.1776         3.1720        -5.8744        -8.5105       -11.7623
ss_43            40           9.6677        18.9169        24.6458        24.7212        23.0868
ss_43            41          33.0103        34.3322        37.6932        28.9715        22.1896
ss_43            42          -5.2285         2.2937         1.3798         0.2657        -5.2485
ss_43            43          -3.1617         3.3015         1.3766         4.3322         3.3309
ss_43            44          11.9714         8.7268        16.8062        15.4922        12.8867
ss_43            45          -1.9416        -0.4307         4.2107         2.9679         6.3613
ss_43            46         -12.1881        -9.5071        -5.7288        -4.8072        -6.4193
ss_43            47           0.9073         4.3557        -2.8687        -2.0380         5.5281
ss_43            48          11.8267        13.6199         8.9167         4.8757         8.6560
ss_43            49           7.0965         2.3952         7.9571         7.3150         8.7076
ss_43            50          40.6956        34.7871        39.9608        29.4903        23.4016
ss_43            51          -8.9298        -7.9481        -9.9329       -27.0351       -41.2152
ss_43            52         -25.6038       -34.1505       -14.1933        -5.5847         4.0768
ss_43            53           8.2551         9.7383         4.9167        14.5092        17.6168
ss_43            54           2.3810         7.1811        10.1140        15.7981        14.9049
ss_43            55          -4.5218        -1.7890        -4.3347         1.4373         4.8965
ss_43            56          -2.0936         0.0004         3.0999        15.0677        13.7875
ss_43            57           9.0336         9.1462         1.9468         3.3420         1.1143
ss_43            58          10.3396        13.7914         9.4458        -1.2630        -5.9370
ss_43            59         -11.7237         0.8396         5.2132        11.0374         9.1247
ss_43            60          39.2902        40.3770        34.5878        29.6889        18.6028
ss_43            61         -19.0577       -13.4315       -12.2283       -10.5386        -8.0588
ss_43            62         -19.0041       -16.1092        -7.0849         0.8228         4.1669
ss_43            63         -30.2406       -16.3130       -15.0616       -24.5966       -26.4860
ss_43            64          16.8796        16.4751        27.6687        28.0491        22.5904
ss_43            65          -3.7339         1.9659        -1.0458         6.0243         0.3054
ss_43            66          10.3234        10.4773        14.6401        13.7571        14.4159
ss_43            67           3.6175        -6.1700        -8.7698       -13.3821       -13.2187
ss_43            68         -34.2535       -36.9177       -29.6779       -16.3859        -3.1870
ss_43            69           3.0299         6.3082         3.1370         1.2539        -3.2563
ss_43            70         -22.1203        -4.4199       -10.8105       -11.6292       -17.6204
ss_43            71           2.8511       -10.2143       -12.3213        -7.7589        -6.4248
ss_43            72         -13.4110         4.8857        12.0872        18.8394        26.7279
ss_43            73         -15.7057       -14.6891       -20.2787       -19.2176        -9.3213
ss_43            74           9.3405         5.0921         7.2713         8.1307         6.1377
ss_43            75          -5.6330        -3.7903        -0.4982         4.4576         9.3063
ss_43            76         -12.3123       -14.6958        -7.2622        -0.9357        -3.6406
ss_43            77           6.1960        11.5440        10.1150         6.6298        10.4405
ss_43            78           3.0173        -1.0764        -1.2105         3.6118         1.7588
ss_43            79          -1.2083         2.7364         4.4332        12.9208        22.2847
ss_43            80          -6.6850        -6.4095        -4.3143        -6.9988         1.7569
ss_43            81           1.3034        -1.4014        -5.3182        -8.6026       -15.2121
ss_43            82          -5.4664        -3.1993         1.9160         8.2330         8.8319
ss_43            83         -16.6900       -20.1058       -20.4519       -24.5636       -20.7814
ss_43            84         -14.0742       -12.6763        -9.1398         5.2962         0.7373
ss_43            85           1.1947        14.1834        12.7391        17.9623        22.2657
ss_43            86         -13.7143        -6.8389        -6.7735        -6.4141        -3.8722
ss_43            87           5.0290        -5.9005        -3.6583        -8.8509       -10.3158
ss_43            88           2.8871        10.1198         5.4685        14.8041        17.3991
ss_43            89          12.1755        18.8098        16.7765        20.7710        15.2698
ss_43            90           3.8627        10.2166        23.1380        32.7603        29.7385
ss_43            91           4.6830         4.3151         8.1864         4.7296        -2.0751
ss_43            92         -11.6100        -3.1096         3.4013         4.4398         4.3661
ss_43            93          18.3904        15.1427         4.7723        -2.8572       -11.3980
ss_43            94          -8.4737       -14.7705       -15.4310       -10.9273        -7.0777
ss_43            95          11.5391        10.5739         4.5034        -5.1903        -3.8663
ss_43            96          -0.5943         1.8316         9.9098        17.5356        13.7442
ss_43            97          12.8063        12.7857        11.8103         7.2372         4.7064
ss_43            98         -17.4787       -22.7203       -19.4758       -22.8122       -19.2493
ss_43            99          -8.4454        -7.2652         0.6866         9.1101         6.0619
ss_43           100           3.9599         4.9654        16.9211         9.6908         7.0191
ss_43           101          -0.1799         5.2304        15.4079        12.6100        15.5779
ss_43           102         -15.8987         3.2276         6.3442        13.6563        16.1990
ss_43           103           9.4998         2.4490         1.5954         6.0224         3.1466
ss_43           104           4.6712         4.9391         2.8164         3.8201         3.5100
ss_43           105          -0.5864        -2.4487        -9.2021       -11.7150       -12.6322
ss_43           106          -8.1528         0.0062         1.6796         2.2385         3.2561
ss_43           107           4.3452         5.4348        12.5852         9.9938         8.9809
ss_43           108         -28.9308       -35.5056       -30.0685       -25.2318       -13.6332
ss_43           109           5.1195         3.2443         9.0895         2.4851         2.1888
ss_43           110         -11.8950        -2.7307        -5.2417        -4.0692        -1.9804
ss_43           111          25.1619        26.9679        15.3477         9.0629         1.8193
ss_43           112           7.5416        17.7718        21.6864        16.8123         8.2825
ss_43           113          14.5299        13.2130         8.5208         7.5112        -0.2977
ss_43           114          22.7607        24.0886        26.2956        37.2080        27.4445
ss_43           115           1.9063        15.6007        13.7516        12.1693        12.8481
ss_43           116           4.8420         5.7468         2.8117         4.8991         4.6344
ss_43           117          10.8489        13.4222        18.2706        13.4493        14.6777
ss_43           118          -2.7754        -5.5839         1.3547         2.3393         0.0793
ss_43           119          15.3616        12.2487        11.4436         5.2697         4.6023
ss_43           120         -12.6878        -3.9643         2.2094         9.1315         8.6322
ss_43           121          28.4047        15.6696         7.3062        -1.6541        -0.0235
ss_43           122           6.9604        12.2274        12.6692         9.7268        11.0384
ss_43           123          -1.4143        -2.3137        -2.3900        -3.3014        -0.4175
ss_43           124          23.0991        20.2484        24.0167        24.8328        24.3326
ss_43           125           0.1939         6.7299        14.5930        13.2329        10.8941
ss_43           126          -2.9990        -9.8402        -8.6152        -7.2579        -9.7967
ss_43           127          16.1520        16.3512        17.4922        26.5834        24.0837
ss_43           128          12.2498        11.8390        21.4076        29.0102        27.2676
ss_43           129           5.1585         3.7482         1.6119         0.6324         2.4984
ss_43           130          13.3611        14.4731        17.8957        17.7229        23.8125
ss_43           131           3.7081         7.7898         6.4483        -0.3282        -3.6964
ss_43           132          -3.8830        -3.9759        -0.1510         2.6125         6.0569
ss_43           133           5.7864        19.3946        19.0516        21.6643        25.4938
ss_43           134          12.5734        10.3097         9.3895         8.2057         5.0928
ss_43           135          18.3504        18.0279        13.0911         6.4051         5.6644
ss_43           136          24.0449        24.0176        24.7478        27.0473        26.3052
ss_43           137           9.9164         4.7211         3.1359        -4.9315        -7.4360
ss_43           138         -10.8994       -12.9156        -6.0433        -2.2324         5.3109
ss_43           139           7.2594        10.2099        17.1627         9.3748         4.8552
ss_43           140           6.6998         7.8711         4.7661         3.0523        -4.1994
ss_43           141          -7.3724        -6.7916       -10.8281        -6.0039        -3.6874
ss_43           142           9.3472        14.4797        11.1391         8.5572         7.6442
ss_43           143          -2.1562        -8.1636        -6.9503        -8.3093        -3.3008
ss_43           144          -7.9221        -2.8033        -1.9942       -11.6703        -7.1086
ss_43           145         -26.0654       -21.5985       -21.5755       -19.2561       -18.0663
ss_43           146          -4.6842        -4.3478         4.0159        11.4390        19.6370
ss_43           147          -7.9875        -6.7834         5.1610         7.1197        14.8955
ss_43           148          14.4928        14.8177        13.5701        14.8237         5.0125
ss_43           149          26.9689        30.3477        27.7507        34.0514        16.6148
ss_43           150          -6.1803        -1.7969        11.8098         9.2098         9.9106
ss_43           151          -1.4007        -1.2323        -2.0990        -2.7756        -2.8645
ss_43           152          -9.7865       -10.5113        -6.1583        -2.9377        -7.0338
ss_43           153          -6.6060        -7.5690       -12.3105        -7.5327        -6.5882
ss_43           154          27.2039        23.2669        23.8122        20.4446        24.8920
ss_43           155          -2.6719        -4.2079        -0.9672         7.7055        14.1023
ss_43           156           8.9523        18.4116        16.1578        18.3567        31.3733
ss_43           157          -1.3080         0.0907         2.6300         1.7140        -8.2407
ss_43           158          -3.5496        -0.8557       -13.4922       -21.3385       -24.9984
ss_43           159           -.----         -.----         -.----         -.----         -.----
ss_43           160          -9.3107        -9.5428        -7.5097        -7.5875       -12.3600
