Filename       Segment   T332T372Fz-ASNM T332T372FCz-ASNM T332T372Cz-ASNM T332T372CPz-ASNM T332T372Pz-ASNM
ss_43             1          14.1066        11.2627         5.8291        -7.1783       -11.1462
ss_43             2         -61.9292       -16.0120       -12.7884        -0.0870       -22.4941
ss_43             3          -2.7059        -2.6605        -3.2870         1.7571         4.9206
ss_43             4         -16.5149       -11.9641        -7.9367        -5.0091        -2.7001
ss_43             5          -7.4273       -14.5265       -21.7423       -38.9523       -32.5912
ss_43             6           9.3490        17.0967        28.3049        11.5690        10.0370
ss_43             7           6.9170        13.4194         3.9982         6.7628        -4.6135
ss_43             8         -14.7044        -9.8649       -11.5244        -3.9220        -0.3097
ss_43             9         -14.3208       -10.6941       -15.1844       -15.1914       -16.5476
