Filename       Segment   T256T296Fz-ASNM T256T296FCz-ASNM T256T296Cz-ASNM T256T296CPz-ASNM T256T296Pz-ASNM
ss_52             1          -1.5840         4.7576        -4.0725       -15.5583       -18.7625
ss_52             2          -2.5413        -5.5672        -7.2462       -14.2748       -21.4372
ss_52             3           7.3363        13.9829        10.7220         6.2923        -5.7791
ss_52             4           5.1192         8.4995         7.6965         5.1147         5.1222
ss_52             5           3.7580         7.3891         6.6621        10.3177        11.3988
ss_52             6          18.4019        17.7884         9.4273         6.4676        -1.1491
ss_52             7         -17.8799       -20.0422       -19.0704       -17.7181       -10.5578
ss_52             8           6.1087         8.3549        -0.5140        -7.0074       -16.5677
ss_52             9          10.2285         9.5189         7.6101        10.6169         4.2661
ss_52            10          21.2298        29.0250        27.5675        24.5703        11.5261
ss_52            11          21.0881        23.1891        15.5319        12.3453         0.7374
ss_52            12           4.7344         5.4530        -1.4428        -0.0232        -3.8514
ss_52            13          12.2695        15.0434        20.1791        18.2497        13.5143
ss_52            14          18.0301        14.7251        15.5162        11.7767        11.6307
ss_52            15          31.2405        35.6646        28.6443        17.7615         0.5056
ss_52            16         -11.6199       -11.1946       -16.3807       -13.7811        -7.3750
ss_52            17          11.6698        20.7165        21.4213        12.7339         3.4880
ss_52            18          -2.1748         6.4265         4.7040         3.9456         9.6329
ss_52            19          29.2851        33.4759        32.4615        26.8829        18.6168
ss_52            20          10.0957        26.8532        34.9957        36.7885        27.9106
ss_52            21           6.5103         9.4819        13.0310        10.6437         7.4173
ss_52            22         -26.0550        -4.0698         8.3556        13.1744        15.9309
ss_52            23          22.1633        20.6759        18.9585         8.9256         0.7075
ss_52            24           9.8752         5.0459         2.2578        -7.6396       -18.4212
ss_52            25         -10.6183         0.9925         2.8382         0.5300         0.8186
ss_52            26          24.6110        30.0806        29.8861        21.0478         3.6007
ss_52            27           6.8923        12.1233        13.0009        10.8628        14.2605
ss_52            28           6.6963         3.0841        -3.0878        -7.9610        -5.3809
ss_52            29           9.3989        14.7607        12.0553        13.9542        13.0133
ss_52            30          -0.0067         6.8760        15.3040        20.4940        23.0266
ss_52            31          25.3301        26.7881        33.9805        25.9247        18.6972
ss_52            32          11.3213        13.6853        12.4551         8.6342         4.4964
ss_52            33          -1.3994        -2.3280         3.5872         5.5377         6.9517
ss_52            34          11.6442        14.9513        10.4051        10.5346        10.0861
ss_52            35          -6.2017        -0.7014         5.0706        10.7402        16.6179
ss_52            36          -3.8918        -5.4214        -5.1603        -1.9311        -5.1922
ss_52            37          -7.2093        -0.2336         2.9577         6.2562         2.2670
ss_52            38          -3.0848         5.4168        11.2707        15.7987        24.6146
ss_52            39          -2.3616        -6.8609       -11.9514       -13.5931       -14.4548
ss_52            40         -17.0800        -2.1892         8.4789         7.8274         6.2582
ss_52            41          13.4379        20.1207        22.7445        25.3754        23.6428
ss_52            42          23.5127        32.8855        28.2158        17.6312         1.4880
ss_52            43          -1.5429         1.8774         4.5892         9.3077         4.0000
ss_52            44          13.9794        19.3177        15.9568        11.9183        11.6591
ss_52            45          18.0658         9.1822         1.5231        -4.4087        -3.6783
ss_52            46         -32.8996       -25.4399       -14.9511        -7.9582        -4.3031
ss_52            47          23.1838        22.4900        22.8608        26.4369        18.7508
ss_52            48           6.3494         0.6039        -4.5970        -3.3018        -7.8456
ss_52            49          -7.0310         1.0702         5.3026        -0.6368        -5.6986
ss_52            50          -3.7646       -10.2959        -8.8838        -1.0654         0.8394
ss_52            51          15.9134        22.6606        26.2386        21.4671        22.4318
ss_52            52          18.9662        25.8805        32.0973        23.6918        15.7106
ss_52            53         -10.2907         1.6875         5.5758         2.9099        -0.3364
ss_52            54          -8.6871        -3.9678        -1.9788        -4.3278        -1.3250
ss_52            55          18.5699        23.1900        26.1986        22.5174        13.3045
ss_52            56           5.2154         8.0203        16.1565        12.3321        12.0525
ss_52            57           4.8206        10.9050         4.1233        -0.0709        -4.5097
ss_52            58          21.0708        25.7353        19.1929        14.3128        -1.8219
ss_52            59          36.1562        26.1674        12.0325         6.2493         2.3350
ss_52            60          10.7669        17.2041        15.3595        14.5554        12.4903
ss_52            61          13.9979        19.2930        21.1349        21.0857        19.3922
ss_52            62           4.8163         3.8454         4.3671         2.5493        -5.4523
ss_52            63          12.5309        14.4385         8.8388         8.3608         8.6978
ss_52            64           4.4906         2.7751         0.9375        -3.2219         0.9272
ss_52            65          -2.2315        -5.1298        -4.3916        -1.6005         1.1572
ss_52            66          -2.8261         0.9335         2.3021        -1.0683        -4.9266
ss_52            67         -14.3018        -6.0266         0.8871         6.9976         6.4480
ss_52            68          20.3567        25.6986        27.8571        27.3772        21.1749
ss_52            69          26.3771        37.9401        37.2378        35.3541        27.9346
ss_52            70          15.9795        22.3990        21.0406        25.0146        25.8234
ss_52            71         -13.1184        -6.0780        -9.3046       -13.2494        -8.6743
ss_52            72          -1.6744        -1.2057        -3.1361        -1.5834         0.5670
ss_52            73          25.9215        29.2754        27.5902        27.2733        25.2567
ss_52            74          -1.1893        -8.8971        -7.9403        -9.0840        -6.5323
ss_52            75          12.2413        20.9056        22.4019        21.6785        20.7169
ss_52            76           9.1041         5.1966         6.8454         7.9216         7.2226
ss_52            77          19.8881        24.8961        20.2930        12.1963         2.8724
ss_52            78           6.2083        12.4326         9.0222        11.9745        17.5959
ss_52            79          -7.7381        -3.7576        -5.4611        -4.6750        -1.0310
ss_52            80          -3.4999        -6.5647        -1.0870         1.9953         2.5370
ss_52            81          -7.5585        -2.7287         1.9018         6.3344        10.8524
ss_52            82          -4.4474        -1.7633         3.6850         8.9197        13.9145
ss_52            83          -4.7659        -5.5339        -1.5688         2.9528         9.6786
ss_52            84          -3.1918         5.7555         5.1402         1.8848        -1.2335
ss_52            85           5.0203         6.5649        14.1545        25.7264        -5.8990
ss_52            86          -6.4434        -8.6168         6.0731        13.4691         9.3636
ss_52            87         -15.9115        -6.6815         5.5811         5.7448         9.8550
ss_52            88          19.0648        30.5459        32.1493        24.0629        16.1376
ss_52            89          37.1723        51.5496        52.1143        42.1141        35.7813
ss_52            90          23.8865        24.2155        20.7513        10.7360         0.1536
ss_52            91           3.2276         4.1395         9.3374        12.7699        12.1321
ss_52            92          -1.7396         6.6292        11.6881        12.6456        15.0592
ss_52            93          11.0532         9.9631         7.6597        -0.3558        -1.4343
ss_52            94           5.4109        11.8722        15.9388        16.9711        17.8642
ss_52            95          -9.2344         2.6270         6.4316         3.6997         2.7404
ss_52            96           0.6150         4.2444         6.6097         3.8645        -4.5094
ss_52            97          35.5749        38.6814        37.3276        35.1266        29.1156
ss_52            98          22.3234        29.1189        31.1851        22.1142        13.3946
ss_52            99          23.5232        21.8254        16.1398        10.1757         4.7720
ss_52           100          -0.3873        -3.8562         3.7181         9.4540        12.7472
ss_52           101          14.6514        19.5522        19.8012        21.4357        13.5974
ss_52           102         -13.4033        -9.9074        -5.1489         2.3763        12.2030
ss_52           103           9.8987         7.4755         1.6645         2.6727         5.6569
ss_52           104          17.5267        26.2414        22.9080        11.9255        13.0054
ss_52           105           6.5417        11.1652        13.6601        16.6560        16.9071
ss_52           106          -8.6591        -6.9768        -0.2045        -2.0050        -0.6007
ss_52           107          -0.5034         6.4448         6.1960         5.4695         8.3870
ss_52           108           6.6653        10.6799        13.3148        15.7311        19.8726
ss_52           109          17.3838        23.9587        19.4616        15.0898        13.2645
ss_52           110          18.9929        29.0550        32.0470        34.8376        38.9271
ss_52           111         -18.6971       -18.1582       -11.2889        -7.4140        -5.2153
ss_52           112          29.0981        43.3733        48.5743        47.6741        46.1333
ss_52           113           3.3000         7.1499        13.7708        16.9138        20.3439
ss_52           114           4.0890         6.0403         9.7797        13.9005        21.6316
ss_52           115          -2.7033         4.6566        10.4268         8.1264         2.4127
ss_52           116           0.2843        -0.5516         1.4534        -2.6894        -6.2326
ss_52           117          -8.2589        -9.9988       -11.0220       -11.6122       -14.7612
ss_52           118           1.8136        11.4142        17.9696        17.8131        18.2409
ss_52           119         -13.0327       -13.0846       -15.4812       -17.5154       -20.7283
ss_52           120         -18.9048       -15.0307        -8.7576        -3.2568         1.9045
ss_52           121         -15.5878        -7.9866        -7.1823        -8.9478        -6.3639
ss_52           122          -1.1890       -10.6970       -17.0222       -16.2084       -10.2590
ss_52           123          -9.9055        -5.2594         1.8325         6.0976        14.0999
ss_52           124           0.1927        17.1134        19.7729        16.1789        15.4720
ss_52           125          24.4085        30.2954        19.3069        23.5800        19.8319
ss_52           126          27.2814        35.6646        39.7413        42.0333        44.7144
ss_52           127          -1.2063         4.6068         7.8277         3.5515         3.9847
ss_52           128          15.4859        23.6221        25.9431        23.9745        16.6261
ss_52           129          13.8681        25.3305        22.1269        14.1933         5.6829
ss_52           130          -2.3393        -2.9176        -0.3836         6.8877        11.2905
ss_52           131          16.8633         9.3094         2.8097        -4.1516       -12.5767
ss_52           132          11.3273        15.1102        13.9024        16.8570        19.6955
ss_52           133           0.2149        16.2592        27.5378        32.1215        45.4718
ss_52           134          35.5040        37.8203        25.9916        13.5696        -0.1113
ss_52           135          13.0885        11.8327        10.8138         9.1984         4.9902
ss_52           136          15.7230        20.4817        20.4262        18.1250        19.6840
ss_52           137          -1.3935        10.1065        25.8625        31.1514        30.7692
ss_52           138          16.5042        26.2704        19.3279        13.2622         6.5975
ss_52           139          33.9162        46.9778        43.7558        33.3857        21.5297
ss_52           140          13.9301        20.1160        23.4526        22.8015        27.0537
ss_52           141           7.4395         7.0353        15.3840        21.1113        21.2356
ss_52           142           9.7385        19.8406        18.8833        13.0679        10.8429
ss_52           143          21.7274        25.1664        28.7194        28.8071        27.6335
ss_52           144         -12.5533        -3.2926        -1.1890        -0.1471         4.7782
ss_52           145           3.9879        14.5585        23.7587        25.1936        27.3879
ss_52           146          16.6352        19.2451        16.8260         8.1595         4.1446
ss_52           147          -3.4497         4.2441        15.2095        26.0804        31.9069
ss_52           148           4.9815        16.2484        21.5674        17.0997        10.0639
ss_52           149          18.7982        28.9920        31.1943        25.5603        21.7196
ss_52           150          10.3725        17.0354        23.8786        21.6960        17.2284
ss_52           151          13.8869        12.3056         6.9917         3.5648         2.4080
ss_52           152         -26.8594       -30.0679       -29.7115       -25.7680       -16.6345
ss_52           153          -1.9617         0.8200         0.4963        -0.4822        -3.7609
ss_52           154          15.3412        23.7794        20.9935        19.9173        19.0739
ss_52           155          -1.7936         4.4395        13.6662        26.7608        32.6684
ss_52           156           1.5256         3.5694         6.4025         4.1233        -0.9345
ss_52           157           0.8164         3.3874         6.5019         6.1826         6.0996
ss_52           158          14.3426         6.0855        18.0131        22.4273        28.5186
ss_52           159          26.9752        33.4149        40.2747        43.9830        41.2347
ss_52           160          10.2508        12.9458        11.9275         4.3002        -0.1147
