Filename       Segment   T236T276Fz-ASNM T236T276FCz-ASNM T236T276Cz-ASNM T236T276CPz-ASNM T236T276Pz-ASNM
ss_59             1          -6.8810        -7.1889       -55.6529       -17.6182       -57.7349
ss_59             2          -1.0034         1.3912        14.5640         2.6874        17.1635
ss_59             3           3.9889         6.3388         7.7965        10.8433        16.3696
ss_59             4           1.9626        -3.2918        -1.1738        -0.4368        -1.3561
ss_59             5          -1.6382        -3.6174         5.5278         2.1857         8.1310
ss_59             6           6.3469         5.4550         3.9618         5.1705        -5.3490
ss_59             7           8.2496         5.5560        -2.8071         7.7290       -14.4442
ss_59             8          -9.4464        -6.8407        -0.8875         0.0449         3.2847
ss_59             9          -0.6423        -2.2608         0.9573         0.8087         7.4784
ss_59            10         -13.7771       -16.2968       -12.7818       -14.4748         6.4654
ss_59            11          -0.3902        -6.6065         1.9964        -6.0975        14.7160
ss_59            12         -22.5665       -18.8751        22.4743        -7.7345        27.9102
ss_59            13           7.7444         6.3483        11.8619         5.3381        15.3931
ss_59            14          -2.4850        -2.4882         2.5229         0.1388         4.6165
ss_59            15          -2.8950        -2.2879        -0.0277         3.5049         6.3096
ss_59            16           2.4578         2.8222        14.9692         5.9144        16.7823
ss_59            17          15.3437        12.6381         8.6862         9.3236        -4.9337
ss_59            18          12.9801        14.7739        17.7902        16.7421        18.3452
ss_59            19         -30.3817       -20.2735        -5.4981        -5.6558        19.7036
ss_59            20          39.7440        47.8437        38.7630        25.3806        -2.5844
ss_59            21           6.4314         4.5868        -2.0237         8.2839        -1.7919
ss_59            22          19.9217        18.6088        18.4272        16.1182         8.3848
ss_59            23          -0.0068        -1.3353        -2.9855         1.9030         4.2973
ss_59            24           6.4847         8.8243        13.2874        17.4704        19.6285
ss_59            25          29.4038        13.6164         0.6536         6.5258       -14.3349
ss_59            26         -10.3223        -5.2047         2.6003        -2.5345         0.3815
ss_59            27           3.5213         2.7114        11.9871        11.8781        16.5403
ss_59            28          22.2637        50.0238        28.3031        20.7815        -6.1699
ss_59            29          40.2890        30.6772        13.8999        17.1610       -15.5958
ss_59            30         -21.8469       -13.1767         8.7260        -0.4262        26.7251
ss_59            31         -38.7828       -29.2619        -0.7318       -15.1361        35.3868
ss_59            32          20.7720        19.0947        13.3826        20.2815         3.5404
ss_59            33           9.8010         6.0643        14.3889         6.8507         7.4681
ss_59            34          -4.7490        -3.2184        -5.8077         4.3023        -2.0776
ss_59            35          -1.4489        -2.0650         8.2232         4.2925         9.9348
ss_59            36         -10.5731        -6.0992        15.1822         5.1195        17.3625
ss_59            37          -0.0026         0.3697         4.5506         5.6848        11.6447
ss_59            38         -21.0799       -14.4941         4.7130        -3.4210         1.9173
ss_59            39           0.9291         2.3940         1.7862         2.0150         5.4200
ss_59            40         -17.2170        -8.1838         8.9335         2.1083        17.0690
ss_59            41          -1.2415        -3.1623         0.7587         0.6761         8.4805
ss_59            42           3.7835        -4.1105        13.7842         1.2848        14.1358
ss_59            43           5.2681         4.2080         0.5302         4.8394        -6.6248
ss_59            44          -0.9393        -7.3320       -15.0817        -4.6478        -9.8415
ss_59            45           1.3914         1.2174        -4.8193         5.9714         3.6150
ss_59            46           5.7751         4.1902         9.0611         9.7457         9.7394
ss_59            47           1.6429         3.1706         8.8167         6.7300         9.5150
ss_59            48          10.0637        12.8509        13.0944        13.7462         9.5319
ss_59            49          -2.6477         0.8583        11.7372         8.8740        15.1081
ss_59            50           0.1315         5.7244         9.3752         9.1755        10.4229
ss_59            51           1.6703        -7.2743       -11.2877       -10.2438       -11.2184
ss_59            52           1.3174        -2.0081         3.6397        -0.5533         6.1930
ss_59            53           4.1628         8.2851        12.8377        13.8213        16.0892
ss_59            54           1.4530         0.1199         1.4957         1.1044         0.1041
ss_59            55           3.3605         2.7154         8.6694         5.1500        11.7336
ss_59            56           9.4664         5.5596        11.7760         9.4085        11.7572
ss_59            57           5.0086         2.5980         4.7618         4.5924         1.0982
ss_59            58          18.2678        13.7955        10.1025        12.3465         3.5102
ss_59            59           3.9069         4.6629        19.9037        10.2566        28.6530
ss_59            60           3.2836         1.9033         5.8692         3.4366         5.2026
ss_59            61          21.2067        11.7157        13.6142        -1.6414        -6.5821
ss_59            62          -6.9762        -8.1617        -6.3238       -13.0310        -9.6870
ss_59            63          -2.2575         0.6375         8.9662         5.9137         9.7452
ss_59            64           6.2212         4.2956         6.2846         6.1043         2.9693
ss_59            65           0.7282         1.8097        12.3726        -0.8586        13.4280
ss_59            66          10.0135        10.7553        22.8802        15.6118        16.3020
ss_59            67           9.0373         9.6731         6.5674         6.8010         1.0553
ss_59            68           6.0949         3.8791         5.9589         8.5113         3.1818
ss_59            69           7.8828        10.6775        15.9110        10.8171        14.1785
ss_59            70           1.0562         1.9584         9.7038        10.9570        15.9793
ss_59            71           3.6171         5.4824        10.1360         7.1122        14.4241
ss_59            72           1.9713         3.4714         8.9662         8.2793         6.3228
ss_59            73          -5.2983        -0.6551        -0.4781         6.7553        -3.5476
ss_59            74           6.6761        -0.6501        -3.6217        -1.7812        -4.9629
ss_59            75         -33.0757       -19.0876        -6.4915        -6.1432         8.3463
ss_59            76          -6.2378        -0.2589        11.7080         5.2456        12.3049
ss_59            77          -7.9562         1.8945        10.1051        17.1819        20.8724
ss_59            78           0.4949        -1.0632         4.6557        -3.9967         1.1928
ss_59            79           3.8192        12.9657        10.1919        21.6789         5.3173
ss_59            80           6.2407         6.1962        10.2266         9.4125        13.8822
ss_59            81          -7.2373        -1.0651        -9.4030        -4.9967        -3.5090
ss_59            82           2.1909        -0.7015         4.8409         0.8844         6.3886
ss_59            83           6.3951         6.4778        17.0038        12.5304        20.7135
ss_59            84          -1.1072         1.4741         7.3409         2.5605         7.6062
ss_59            85           6.8193         7.8205        -6.6017         7.5909        -6.1876
ss_59            86           7.7980         2.0767         7.9171        -0.4330         6.6779
ss_59            87          -5.1404        -6.9269        10.7625         7.2895        22.8294
ss_59            88           6.3755        10.2740        27.3799        13.7427        26.6261
ss_59            89           4.4980        -7.9899        -1.2282       -17.9149        -9.4658
ss_59            90          15.3916         4.2086         5.3186        -3.8760        -3.8551
ss_59            91           7.7478        12.9551        12.1995        16.9163        12.7602
ss_59            92          16.2253        15.7129         8.8766        10.3643         3.8191
ss_59            93         -17.5316       -10.6713         1.6937        -2.2940         9.8595
ss_59            94          -0.6026        -3.3227        -8.7536         5.8688         1.2845
ss_59            95           8.6832        12.3911        11.5390        15.9485        11.0138
ss_59            96           7.9287         6.6415         4.0578         3.6582         4.7265
ss_59            97           5.1097        -2.7870         1.5386       -13.3198        -2.8247
ss_59            98          -7.0548        -1.7914         3.9017        -2.9164         2.4588
ss_59            99         -16.6458        -1.1996        15.7369        14.0306        26.5526
ss_59           100          21.8851        14.1652        16.7730        -0.2865         3.3140
ss_59           101           4.2505         1.5260         9.3919        -3.3928         6.6932
ss_59           102          15.3414         8.8684         9.8765         5.9388        -4.8083
ss_59           103           6.3474         1.0018         3.8710         3.0647         8.0562
ss_59           104          -7.8820       -11.4151        -1.4684       -12.2459         3.0688
ss_59           105          -5.8634        -1.0261         3.6433         1.0860         4.4312
ss_59           106          10.4958         4.1455         5.0234       -14.4769        -2.3428
ss_59           107          -0.0126        -3.5086         9.0577         4.2700        17.8436
ss_59           108           8.4987         4.2385         1.9227         3.0300         1.2003
ss_59           109          10.3313        11.8293        20.1541        18.9864        17.6523
ss_59           110           6.6079        -5.2595         0.1646        -5.9356        -0.8004
ss_59           111         -11.1266        -5.3171         1.9050         3.0205        16.0575
ss_59           112          -2.6436        -2.1076         4.6634        -4.1213         5.7427
ss_59           113          -0.3027        -1.7980         1.1191         4.4020         8.5153
ss_59           114           6.7885        11.2865        13.4894        12.4006        11.1793
ss_59           115           5.1118         2.6531        17.4210         4.9175        21.0923
ss_59           116           1.3478         2.3313         9.1158         8.8744        15.1089
ss_59           117           6.9900         9.9439        12.4014         2.7237         4.8508
ss_59           118           0.5475         1.0861         3.1472         5.6834         8.5612
ss_59           119           8.5426         5.6702         9.3441         2.5830         7.5999
ss_59           120           3.2625         1.9481        14.0525        14.1461        20.9787
ss_59           121           7.0365         7.2777        14.7451         6.3717        15.8408
ss_59           122           0.4678        -0.2721        -0.4529        -2.3451         1.4474
ss_59           123           4.1557         6.7195         6.2447         6.8515         6.7020
ss_59           124           4.4033         4.2564        -2.1715         5.9967         2.0813
ss_59           125           5.5938         2.2156         6.6376         1.0209         2.0522
ss_59           126           7.4600         4.2288         3.4619         6.3191         1.1986
ss_59           127          -2.5790        -4.7243         7.8889        -3.4315         7.9242
ss_59           128          -3.2174        -4.8400         0.8480         1.6479         8.2085
ss_59           129          10.7624        11.7991        16.6705         9.4114        15.8600
ss_59           130          -0.8848         0.9937         9.2849         6.2856         7.8386
ss_59           131           7.7564        10.8063        -1.3374        10.6471         4.3223
ss_59           132           0.2029         0.2734         6.0761         5.2978        11.5334
ss_59           133           5.5285         7.8304        10.3298        10.8754        15.6695
ss_59           134           0.8816        -0.4663         3.1774         4.2438         8.4851
ss_59           135           6.3461         7.5347         5.1248        12.2472         2.0059
ss_59           136           4.5122         6.2694         1.5228         5.7695        -4.0195
ss_59           137          -5.1928       -15.7535         0.0154        -2.2050        16.2275
ss_59           138           4.9933         4.1893        13.9792         9.7765        17.9462
ss_59           139          11.6102        10.2051        -5.2855        13.8976         4.9723
ss_59           140           3.1812        -0.0300         7.9631        -0.7568         7.5725
ss_59           141           8.8152        11.2781        22.0422         7.7627        18.9336
ss_59           142           8.2527         2.0423        15.7200        -0.1611        16.3180
ss_59           143           9.6264         9.8276        22.7662        11.4655        18.2594
ss_59           144          13.1129        11.3128        14.6583         2.2823         8.9073
ss_59           145           4.3959         6.7140        16.8767         9.4027        14.4011
ss_59           146          -4.2900        -3.4818         1.8348         3.8784         1.9863
ss_59           147           3.4396         5.3537        -3.7230         3.0355       -13.2120
ss_59           148          -7.9585         2.1790         8.2965        10.2733        17.2151
ss_59           149           6.8434         7.6429        20.8471        15.6192        20.5537
ss_59           150           8.3173        -3.2657        -9.0062        -5.5028       -13.0006
ss_59           151           9.6439         3.8205        16.6184         1.7603         9.7845
ss_59           152          -5.1164        -4.0425        -5.0323         0.8186        -1.9147
ss_59           153          -9.4051        -5.8391        -0.4185        -6.3867         5.5536
ss_59           154          -4.2414        -1.4279        16.5170         2.4087        12.6507
ss_59           155          -4.8594        -2.3733        -1.8811        -3.2498        -2.3516
ss_59           156          -0.5490         1.0975         5.6800         0.8483         4.6030
ss_59           157           9.6114         4.3051         5.2198        -0.3702        -3.2145
ss_59           158          12.5678         7.6773         8.0722         7.2163         5.3800
ss_59           159          -5.8705        -1.6991         0.0578        -0.9187         4.1912
ss_59           160          10.9546        10.8339        18.2921         3.5186        10.7954
