Filename       Segment   T228T268Fz-ASNM T228T268FCz-ASNM T228T268Cz-ASNM T228T268CPz-ASNM T228T268Pz-ASNM
ss_53             1          -4.6104        -6.8861        -8.0200       -10.5831       -15.2536
ss_53             2          15.1665        22.0584        25.4041        25.9147        18.4539
ss_53             3          24.5685        19.7349        16.8229        13.3712         4.2181
ss_53             4           3.9095        16.0338        17.7420        14.6331        13.1707
ss_53             5          36.5739        46.7390        36.9792        26.0932        16.5322
ss_53             6         -38.7826       -16.4135       -20.0779       -16.6491       -19.9206
ss_53             7          15.8162        17.2748        23.5190        22.2891        16.4291
ss_53             8           6.1732         7.9008         4.3348         2.1667        -2.5741
ss_53             9          -3.6745        -5.3365        -6.8470        -9.2017       -10.3833
ss_53            10           2.6243         8.7280         4.3819         1.2044        -1.2833
ss_53            11           4.6944         7.2731         1.4678        -6.4694       -15.2860
ss_53            12           9.2522        16.2184        12.5491         7.6439         4.1552
ss_53            13         -20.5660       -15.0367       -17.1711       -20.8507       -15.9558
ss_53            14          -6.1665        11.9875         9.6113         7.4717        20.2432
ss_53            15          11.8807        19.6603        17.6405        11.8846         2.9723
ss_53            16          34.5327        13.3845         0.9238        -5.1585        -5.6164
ss_53            17         -15.6356       -14.4780        -2.9990         2.1477         2.5742
ss_53            18          16.7317        13.9384        10.1686         4.3799        -1.9283
ss_53            19          94.5506        71.6075        59.8792        56.9288        45.1616
ss_53            20          36.1194        33.5125        31.3980        26.5831        22.1383
ss_53            21         -11.3532        -4.0415         7.3276         7.3371         5.9579
ss_53            22           7.3106         8.6637        13.3182         6.8395         0.1033
ss_53            23          14.3529        35.0974        35.6223        36.3398        31.8827
ss_53            24          13.8480        23.0809        21.2831        16.9556         5.7784
ss_53            25          64.2760        47.2590        39.9583        20.5876         5.5358
ss_53            26          11.8467         9.4260        10.2811        13.0507         7.3782
ss_53            27          88.7924        70.4342        53.5658        40.7057        31.1807
ss_53            28          -5.3657        -4.6430         4.8639        -1.5187       -12.5406
ss_53            29         -24.5239       -11.2046        -8.0226       -16.3288       -28.2239
ss_53            30         -21.6307       -10.7574        -8.5775       -12.1217       -20.9509
ss_53            31         -16.6988        -0.0296         9.5484         8.0715         2.8763
ss_53            32          54.3562        49.3088        51.7760        57.9869        58.4987
ss_53            33          44.7088        38.8157        31.7835        35.6097        31.4748
ss_53            34           -.----         -.----         -.----         -.----         -.----
ss_53            35          84.0423        55.0458        35.6792        21.9291         6.8315
ss_53            36          27.0276        15.0639        14.9817         5.5827        -5.1949
ss_53            37          57.2535        43.4013        42.1850        34.3391        21.5310
ss_53            38          27.8381        32.7192        35.8418        30.3004        15.5410
ss_53            39          45.2253        43.0069        40.3502        30.6897        15.5435
ss_53            40           -.----         -.----         -.----         -.----         -.----
ss_53            41          63.5292        47.1650        36.5582        36.4996        32.7364
ss_53            42          13.3807         7.0346         2.8424         0.7958        -3.7010
ss_53            43          28.0303        29.2862        33.2415        31.9061        23.6904
ss_53            44           -.----         -.----         -.----         -.----         -.----
ss_53            45          24.5283        25.6490        25.8286        30.8530        26.8372
ss_53            46          20.8304        31.1806        38.9662        33.1212        25.3711
ss_53            47         -12.3099       -13.9126        -7.7909        -9.8590        -7.4876
ss_53            48           7.3280        11.7168         3.2239         5.2736         2.1428
ss_53            49           2.4193         1.7163         3.7295         1.8940        -5.4645
ss_53            50         -26.0558        -8.3781         5.0308        12.6150        11.4505
ss_53            51           -.----         -.----         -.----         -.----         -.----
ss_53            52          24.7048        31.5623        22.4541        14.6214        10.3399
ss_53            53          59.1092        34.9482        29.6605        26.9363        20.3708
ss_53            54          -9.7931        -0.9277         4.1848         6.5097         6.4873
ss_53            55         -15.5604        -9.8675         3.2974         9.5959         9.1820
ss_53            56          20.9810        13.1302        17.4906        15.0966         1.9620
ss_53            57         -15.1411        -0.0185         5.1487         6.7500        12.9260
ss_53            58          -3.8765        11.9842        19.8078        23.3707        21.4305
ss_53            59         -51.1508       -29.1771       -12.1374        -1.4818        10.8583
ss_53            60           4.4908        17.2045        26.9307        30.3704        23.2894
ss_53            61           -.----         -.----         -.----         -.----         -.----
ss_53            62          -9.4923        -3.7872        -8.4534        -2.5135         2.2633
ss_53            63           -.----         -.----         -.----         -.----         -.----
ss_53            64          28.9347        32.2554        28.9179        19.1474        14.2220
ss_53            65           8.1371         4.0630         0.4159         0.3806         1.5633
ss_53            66          17.5859        21.1918        27.1969        24.3165        13.7235
ss_53            67          18.6134         9.6216        -2.8112        -2.2004         4.1636
ss_53            68          -0.2042        -4.5863         8.6832        11.5517         7.8623
ss_53            69          -6.3403        32.9207        40.6030        40.9276        32.4402
ss_53            70          95.9230        72.3516        59.0463        46.5045        30.5862
ss_53            71          20.7695        30.6432        32.6495        26.4384        10.7335
ss_53            72         -86.3353       -33.4744       -10.1524        -1.0788        -3.8672
ss_53            73          29.7889        31.6030        37.3938        32.1084        28.5795
ss_53            74          -7.8147         5.2932         5.9422         0.6646        -6.5136
ss_53            75          50.9191        32.3487        35.0412        38.7899        37.3378
ss_53            76           -.----         -.----         -.----         -.----         -.----
ss_53            77         -28.2003       -27.9459       -25.8991       -22.6579       -31.7547
ss_53            78          22.5683        24.7706        24.8732        24.9841        20.4505
ss_53            79         -19.1125         5.4267         4.1103         5.7180         3.6032
ss_53            80          10.3730        21.6145        17.6736        19.0601        10.7789
ss_53            81          -8.4199         0.2431        -0.6845         1.2666         4.3930
ss_53            82         -20.5033       -17.6840        -2.3758        17.0751        22.5319
ss_53            83          24.6233         7.2910         4.9190         3.3010         9.4392
ss_53            84          23.6855        19.3955        15.3752         6.7427        -0.3480
ss_53            85          16.2708        11.7335         8.5374         4.7703        -3.2839
ss_53            86          62.1367        44.3387        43.2324        38.3761        30.0230
ss_53            87         -17.4583         4.6063        13.1662        16.6577         6.5222
ss_53            88          -9.2377        -4.5028        -0.5474        -3.2556        -0.9694
ss_53            89         -38.6699       -18.8031       -10.4069       -13.2083       -21.4908
ss_53            90         -43.5559       -24.3617        -8.1490         2.8795        -7.5274
ss_53            91         -29.2510        -9.4369         2.0254         8.2131         1.3715
ss_53            92          16.9971        15.9988        13.5410         2.6332        -8.4552
ss_53            93         -40.2385       -16.4191        -5.8064        -0.0216        -3.7207
ss_53            94          32.3095        37.2222        32.8625        28.2479        18.4907
ss_53            95          43.6397        45.2546        30.8000        23.6421        17.1680
ss_53            96          -2.3143        -1.6257         9.1349         7.0478         3.3578
ss_53            97          21.2794        27.3017        16.7328         7.0742        -3.3810
ss_53            98         -25.7424        -6.4511         0.0578         3.7493        -3.6112
ss_53            99          23.2622        10.7854         4.4336         1.7291        -0.9869
ss_53           100           1.2049         0.4725         7.0612         9.7518        10.9866
ss_53           101          -8.2511       -11.5221        -9.1383        -9.3766        -8.9253
ss_53           102           1.2694         1.2844        10.3083        16.8810        17.4686
ss_53           103          19.9117        26.9492        25.1078        17.0192        13.8528
ss_53           104          -7.9431        -4.8733         0.8599         5.3591         6.9517
ss_53           105        -126.3916       -54.2746       -34.8966       -22.6320       -18.9809
ss_53           106           6.9975         0.2052         2.4483        -2.5671        -5.8324
ss_53           107           -.----         -.----         -.----         -.----         -.----
ss_53           108          21.8785        39.4724        35.9271        29.1779        27.0865
ss_53           109           -.----         -.----         -.----         -.----         -.----
ss_53           110           6.3304        15.0692        26.6867        32.1240        22.3341
ss_53           111           -.----         -.----         -.----         -.----         -.----
ss_53           112          25.8508        37.5874        47.2729        41.6181        28.1278
ss_53           113           1.7640         5.3458         0.2968         4.8709         2.9504
ss_53           114          34.5887        28.5293        23.2465        23.4996        22.4929
ss_53           115           -.----         -.----         -.----         -.----         -.----
ss_53           116          31.0110        30.8438        30.4769        35.6058        32.1661
ss_53           117          17.5455        27.4005        16.0517        10.2063        11.1613
ss_53           118          28.7536        20.0345        10.7222         5.6099         9.8695
ss_53           119          29.9097        17.4797        15.5379         9.9587         8.9742
ss_53           120          66.7330        63.4347        56.0547        45.0314        33.3458
ss_53           121         -11.1731         1.4010         7.6912        18.7083        20.6696
ss_53           122           -.----         -.----         -.----         -.----         -.----
ss_53           123          -7.3662        -8.5877        -3.5404        -2.7403        -8.9811
ss_53           124          -7.3394        -3.3875        -4.3979        -2.5302        -0.9327
ss_53           125          -3.0816         6.3294        10.4909         6.9745         1.6810
ss_53           126          45.0014        32.0953        20.6246        12.8522         1.9580
ss_53           127          23.3308        25.0586        23.0322        23.8974        19.5966
ss_53           128          34.9571        37.1544        35.1207        33.4164        24.7325
ss_53           129           9.2609         0.8651         0.3504        -0.7154        -8.6098
ss_53           130          30.4937        37.1119        44.0395        44.7373        41.9194
ss_53           131         -25.2478        -4.7732        -5.9091        -4.3569       -12.0076
ss_53           132         -69.0783       -32.8799       -13.9490        -2.5080         8.2847
ss_53           133         -29.2799        -9.6008        -3.8561        -2.2589         2.8975
ss_53           134          14.7944        16.3075        21.1855        14.4495         7.3210
ss_53           135          13.5995        12.0451         7.8244         3.5387         6.6330
ss_53           136           1.4666         9.4512         7.8140        -0.2827       -14.7202
ss_53           137          39.9890        34.8613        16.0363         7.9215        -4.6489
ss_53           138          10.8528        20.3352        12.8159         6.4159        -4.4765
ss_53           139          -0.6547         7.0491         9.7486        12.1206         8.5489
ss_53           140          -7.0889        -7.9906        -9.1443       -14.4411       -18.2361
ss_53           141         -25.1299        -2.1756         6.0607         6.2502         3.8035
ss_53           142          14.3624        15.1313        20.3912        21.8720        15.7883
ss_53           143          37.3745        37.2185        25.9624        20.1105         6.6330
ss_53           144           -.----         -.----         -.----         -.----         -.----
ss_53           145          24.9581        36.3566        35.6453        33.0334        30.1077
ss_53           146           -.----         -.----         -.----         -.----         -.----
ss_53           147          62.8253        59.9701        54.2858        49.3156        48.6718
ss_53           148           0.0808         1.5074        -7.6674        -4.1611        -2.0391
ss_53           149          28.2064        35.4263        29.9523        34.8123        38.3578
ss_53           150          25.8797        23.7364        15.3880         4.0547        -6.3810
ss_53           151         -12.8489        -4.5097         6.8155        20.7683        27.2712
ss_53           152          14.5973        13.5043         7.1599         0.4273        -2.7964
ss_53           153          -1.3489         0.0250         1.4018        -0.4819         0.1270
ss_53           154          24.3933        31.8768        34.0560        29.3054        20.9153
ss_53           155           2.6754        -8.8599       -12.2816       -10.8392       -10.3470
ss_53           156           8.1926         4.0713         6.9046         3.7544        -1.0339
ss_53           157          19.0153        18.2371        16.3305        14.6039        13.0697
ss_53           158          -0.1406         1.0720         2.7641        -1.3304        -5.2194
ss_53           159           4.4358         3.3594         5.9921        10.4620        11.0947
ss_53           160          -9.0367        -1.0795         0.1285        -8.3640       -12.3414
