Filename       Segment   T272T312Fz-ASNM T272T312FCz-ASNM T272T312Cz-ASNM T272T312CPz-ASNM T272T312Pz-ASNM
ss_58             1         -26.1193       -18.5031       -24.8068       -31.5553       -23.6230
ss_58             2          -1.0588         2.1627         3.2960         1.4798        13.2186
ss_58             3          -7.9919        -5.8732        -6.6462        -5.8570       -13.8985
ss_58             4           2.2608        -4.9303       -10.8974       -14.5879       -21.4709
ss_58             5          -0.2009         2.5300         3.9738         2.5152        -1.2228
ss_58             6          -4.7227        -4.5476       -15.8659       -16.9733       -12.5100
ss_58             7           9.6014         7.4851         6.2363         1.9653         7.3662
ss_58             8           9.1605        10.1029        10.8452         9.1208         1.5614
ss_58             9           0.5012        -3.0263         3.5719         3.1645       -22.1928
ss_58            10          26.8084        15.8371        17.2281        25.8341        27.9625
ss_58            11         -11.8295        -9.9003        -6.9088        -7.3883         7.1164
ss_58            12           0.5689        16.0348         3.1166        -0.9906        -1.0328
ss_58            13         -13.2821        -5.0705         1.4359        10.0617         7.9397
ss_58            14           5.4361         7.8955         2.0199        -9.8689       -17.0244
ss_58            15          -8.1132        -5.2861        -6.0202        -8.9147       -13.7548
ss_58            16           0.3188         2.6484        -0.3154         0.8978        -0.0974
ss_58            17           8.2382         8.5852         2.5266        -2.9379        -7.4519
ss_58            18          -6.5321         8.8059        14.8288         9.0176        26.1949
ss_58            19          26.7263        30.8606        33.9932        34.9400        64.8990
ss_58            20          -2.1974         0.0977         7.3635        -1.1468        -3.3771
ss_58            21           0.1762        10.6557        19.9336        15.9931         8.6425
ss_58            22           1.0399         7.2909        13.2874        24.3837        11.2123
ss_58            23           -.----         -.----         -.----         -.----         -.----
ss_58            24          76.0216        70.3881        66.0006        60.2847       -13.3699
ss_58            25          60.9521        42.3334        43.9062        44.8739        22.6840
ss_58            26           -.----         -.----         -.----         -.----         -.----
ss_58            27        -151.0487       -86.3793       -55.4704       -19.4627       111.8343
ss_58            28          -8.9880        -4.9690         0.1615        -5.0154       -10.4528
ss_58            29          -1.7871        10.2048        14.8738        23.7327        11.3138
ss_58            30          51.8320        44.7498        49.0320        30.2028        12.3726
ss_58            31          -5.9530        -9.4480        -3.5613         5.0151        17.2290
ss_58            32           -.----         -.----         -.----         -.----         -.----
ss_58            33           -.----         -.----         -.----         -.----         -.----
ss_58            34           2.6448        13.4378        22.1534        25.1189        31.1027
ss_58            35          -9.6920         7.2919        16.5682         9.1076         5.7622
ss_58            36          25.9191        31.8964        32.2321        20.4109        24.9083
ss_58            37           2.5147        12.2001        18.8913        22.2668        81.5864
ss_58            38         -26.4389       -11.0158        -1.5889        -5.4381         7.0170
ss_58            39          -6.3130        -2.5801         3.4558        13.5102         6.7917
ss_58            40          11.0846        17.7787        24.7553        25.9655        10.1980
ss_58            41          19.3456        17.9599        21.2617        20.7273        -5.1938
ss_58            42          55.3125        40.7629        34.3017        50.7349        23.6499
ss_58            43           1.4288         6.7036         7.5739        15.4672        12.8122
ss_58            44         118.3009        88.6496        72.4332        58.7070        -3.2029
ss_58            45          16.8690         9.1158        12.2324         8.4399         3.0504
ss_58            46          -2.8124         4.6595        10.4687         5.1984        35.5133
ss_58            47         -17.6750        -8.2656         0.3297        12.3895         3.8444
ss_58            48          -4.5761        -2.0051         7.7030        11.4422        18.5469
ss_58            49          14.2736        18.2037        21.7314        24.8189        29.3882
ss_58            50          -0.0778         5.3044         9.0172         8.4116         9.7703
ss_58            51         -37.6325       -24.2708       -12.4202        -9.4024        12.7339
ss_58            52          -8.0898        -0.0454         5.1065         9.2650        15.5133
ss_58            53          21.3827        21.5066        21.8023        25.6250        20.1121
ss_58            54          -2.9852         6.8407        11.0124        13.0875        15.9615
ss_58            55          20.0622        14.5801        12.5401        -0.4930        10.3813
ss_58            56          17.0309        14.4951        16.0749        14.7452         6.2070
ss_58            57         -36.1202       -19.6135        -6.5371         4.8083        27.5117
ss_58            58           8.9524         2.0533         3.6395         0.1854        -7.1663
ss_58            59          21.9121        19.9829        17.6011        12.0851        17.9105
ss_58            60          27.1470        28.1511        28.8265        31.0855        31.6177
ss_58            61          -6.8224         5.5657        11.6959        10.7913        10.7642
ss_58            62         -13.5604       -12.2393       -15.6802       -11.4048        -9.4680
ss_58            63           2.3169         7.2567        10.0988         9.3167         0.7882
ss_58            64          16.3724        16.9171        12.8406         9.1330        -8.2675
ss_58            65          15.3715        17.0620        18.5245        21.4819        26.3612
ss_58            66          42.1884        41.5338        37.8163        38.0490        -5.1158
ss_58            67          37.4718        25.3009        25.5479        13.0681        10.3981
ss_58            68           6.9355        13.9419        22.6393        35.3455        35.2098
ss_58            69           -.----         -.----         -.----         -.----         -.----
ss_58            70         -31.0405       -22.2567       -18.9673        -1.4397         4.4469
ss_58            71           3.6792         2.8944         2.8665         6.1087        12.7707
ss_58            72          11.1108        14.4048        22.1414        28.4165        32.1790
ss_58            73          -4.3089        -4.6077         6.5230         9.4502         6.2750
ss_58            74           2.6787         5.5497        15.4123        33.1150        22.3215
ss_58            75           3.7003        10.0190        15.6136        25.4044        10.1203
ss_58            76           1.7295         3.5812        11.4602         8.8938        13.8039
ss_58            77          17.5359        18.0164        21.2586        22.1288        16.3179
ss_58            78           9.8004         7.5059         4.1530         0.1839        -0.4317
ss_58            79          -5.4356         5.2444         4.2764        19.1294        31.3112
ss_58            80           1.2527         5.3852         8.6504        13.6273         6.3045
ss_58            81           -.----         -.----         -.----         -.----         -.----
ss_58            82           9.6169        10.7085        16.1229        14.3063        10.9720
ss_58            83          -4.7559         5.5943        13.0894        15.8628        15.7866
ss_58            84          -7.9312        -5.1991        -7.6811        -4.9003        -1.8376
ss_58            85          10.6092        15.2598        20.3155        20.5170        16.9736
ss_58            86           0.3056         3.3961         4.2377        11.8136        20.0754
ss_58            87          -5.1795         5.9300         9.4428        15.4825        13.6749
ss_58            88           3.0894        14.0273        11.9613        16.5477        12.3384
ss_58            89          11.3571         7.9845        10.4404         9.1138        13.8217
ss_58            90           5.7411         9.9299        19.8638        15.4651        16.6748
ss_58            91          21.8687        22.6653        15.4830         8.2657         8.1455
ss_58            92         -10.3717       -18.9231       -10.3209        -9.5267        -2.9089
ss_58            93          19.2336        25.8352        29.4243        36.8464        28.3241
ss_58            94         -11.0083         3.2818        19.4887        27.2445        29.9881
ss_58            95          12.3771        21.2004        23.3008        31.2221        30.7828
ss_58            96          -2.5932        10.1223        17.5953        26.3540        19.5790
ss_58            97          -5.4970        -3.9492        10.0124        13.2551         9.3273
ss_58            98          21.8246        24.2093        23.7564        18.0581         8.1634
ss_58            99          -4.6763         3.1125        11.4765        13.4550        12.6372
ss_58           100          13.7321        23.1435        27.1456        29.0025        21.5908
ss_58           101           -.----         -.----         -.----         -.----         -.----
ss_58           102           2.4456        11.4171        19.1094        21.5214        18.1774
ss_58           103          -3.1828         3.2067         2.6328        -2.8529         1.0468
ss_58           104          -3.4673        -1.9179         7.0461        13.4988        15.7506
ss_58           105          16.0690        21.4209        27.0276        16.1470        58.4133
ss_58           106           3.4768         1.2886         1.0244         6.5784        -9.4765
ss_58           107          -0.9391         8.0630        13.3502        18.2705        20.1659
ss_58           108           2.5559         6.7324         0.9783         5.9523        15.6927
ss_58           109           5.3512        12.3606        17.4595        35.1264        28.2259
ss_58           110          -3.1287        -8.6803        -7.1855         4.0040         1.8192
ss_58           111           3.9191         9.4078         8.0413        13.0714        19.7434
ss_58           112         -13.7301       -12.7456        -7.8497        -8.5006        -1.5662
ss_58           113           8.8394        14.4440        17.2115        22.2372        15.2052
ss_58           114          -4.9881        -2.4793        -1.5567         9.3928         7.3404
ss_58           115           2.9897         3.8398        15.3721        18.4935        26.5988
ss_58           116          -1.4586        -5.6555        -4.5891        -0.8252         9.2839
ss_58           117          30.4089        30.9033        20.5643        18.6798         4.9474
ss_58           118         -18.1358        -9.7808        -0.1246        14.9453        11.3575
ss_58           119           2.1505         9.1249        15.8812        18.2648        24.2390
ss_58           120          -3.2039        -0.3679         4.3876         6.8195         9.4043
ss_58           121           4.2764        15.0433        18.4301        24.8461        20.3640
ss_58           122           2.0010        -1.4496         5.5086         1.4999       -11.7281
ss_58           123          -2.9832        -1.6825        -2.4318        -3.4895        -4.4272
ss_58           124          13.1244        14.0478        19.9080        23.5720        24.5952
ss_58           125           4.0380         4.3941        11.0830        14.5672        43.6226
ss_58           126          -1.2668         2.1291        11.1206        16.9109        17.7238
ss_58           127           4.2474         9.3419         6.8470         9.9941        12.6060
ss_58           128           4.9577        14.8206        19.1233        20.0179        15.7350
ss_58           129          14.4441        16.7462        17.9691        17.6726         0.5155
ss_58           130           -.----         -.----         -.----         -.----         -.----
ss_58           131          -7.8579         4.6165         5.8459         1.8131        11.3709
ss_58           132          -3.9837         1.0443         1.6088         6.0368         3.3035
ss_58           133           3.5368         5.8238        15.9275        18.9258        13.2426
ss_58           134          14.4747        13.9308        17.4359        20.0121        31.1411
ss_58           135           5.8042         8.6409        11.4672        12.5115         2.4256
ss_58           136          14.6685        18.2615        15.8477        15.3061        13.1714
ss_58           137           -.----         -.----         -.----         -.----         -.----
ss_58           138          18.4361        15.0370         6.7086         1.1246       -29.0931
ss_58           139          21.3485        20.9439        23.6421        22.0567        16.5277
ss_58           140          25.2305        31.5474        27.7209        24.8531        20.9258
ss_58           141         -11.4788       -14.3052       -15.9867        -6.9860        -0.5470
ss_58           142          -0.3810         2.9295        10.9763         2.6941         0.4518
ss_58           143           8.2040        10.9319        13.4926        10.7523        19.1676
ss_58           144         -10.6386        -3.9322         1.7815         6.1252         8.8231
ss_58           145           0.5049         0.6554         3.0828         7.6704        15.4548
ss_58           146           7.2717        11.1643        11.3805        54.4771        15.1289
ss_58           147          17.1810        15.2970        14.2289        12.9755         5.6991
ss_58           148           5.1673        19.1652        18.6905        18.5038        21.0199
ss_58           149         -10.1606        -1.3946         6.4928        12.7333         9.2158
ss_58           150          -8.2083        -4.8095        -4.3639        -4.4312        -9.4114
ss_58           151         -17.1286       -13.6188        -6.4990         0.4179        24.4071
ss_58           152         -13.6825        -0.0891         7.8711        10.9251        18.5357
ss_58           153          11.5695        25.0604        19.6194        20.6220        12.1543
ss_58           154          -7.2767        -0.2234         7.1334        10.6932        18.5193
ss_58           155          20.2265        22.4664        21.8151        35.3133        29.2099
ss_58           156          -1.7726         2.9988         0.5953        -0.1396        -2.5327
ss_58           157           2.1959        10.6732        16.7208        14.6065        21.6057
ss_58           158          22.8004        28.4303        27.8724        27.7721        26.2281
ss_58           159          27.9671        23.3762        19.4235        18.5098        10.3684
ss_58           160          -4.6381        -3.5136        -8.9721        -6.1940        -4.7432
