Filename       Segment   T256T296Fz-ASNM T256T296FCz-ASNM T256T296Cz-ASNM T256T296CPz-ASNM T256T296Pz-ASNM
ss_50             1          -6.5638        -8.4393        -0.2904         1.3099        -0.4288
ss_50             2          -0.4823         0.4511         0.2064        -9.4232       -10.4069
ss_50             3          14.3344        15.8802        24.0307        22.2847        20.2169
ss_50             4          -2.0059        -4.9927        11.9942         8.4372         4.3714
ss_50             5          10.8362         8.3334        10.4112        16.8539        15.2800
ss_50             6          22.7358         5.4645        18.7573        17.0584        11.3399
ss_50             7          15.8020        17.0392        20.3483        18.2380        16.8457
ss_50             8          16.9307        26.1819        12.0253        10.8816        11.7919
ss_50             9          21.1862        28.8533        22.8555        21.3740        16.7703
ss_50            10          11.5240         3.4914         3.7867         2.9632         3.0750
ss_50            11           6.0491         5.5119         6.8269         3.8024         1.5317
ss_50            12          10.5824        18.6256        13.6088        16.1298        13.8630
ss_50            13          15.4045        17.2961        19.2758        24.3305        21.8770
ss_50            14          32.3244        34.1272        39.4197        39.5628        34.0033
ss_50            15          13.9134         0.6359        22.9552        18.3421        16.5016
ss_50            16           0.8228        11.0851         1.5454         6.6356         5.3579
ss_50            17          12.7123        14.2699        18.9713        21.3214        13.9711
ss_50            18          14.2815         9.7101        19.1383        17.7068        17.2916
ss_50            19         -26.6753         4.3995        11.0328        16.9167        14.4202
ss_50            20          14.1421        20.7789        12.6943        14.6380        14.6955
ss_50            21          23.2937        24.5371        29.3154        28.7295        23.2481
ss_50            22          24.2508        34.7537        30.2620        23.0399        18.0058
ss_50            23           7.5722        11.1666        25.8965        23.0946        22.8809
ss_50            24          27.6380        39.9522        31.2210        34.8439        30.8899
ss_50            25          27.0688        21.5702        29.8156        27.1112        24.8349
ss_50            26          26.0403        32.6943        19.0976        21.4235        17.0173
ss_50            27          17.5349        27.8713        36.4788        36.0766        32.0030
ss_50            28          28.3722        35.7412        42.6003        39.6378        35.1371
ss_50            29         -28.8032         1.5070       -13.1701       -11.7940       -12.4514
ss_50            30          16.9932        20.0729        23.0060        24.6683        20.7889
ss_50            31          28.1146        25.5345        28.7817        26.0357        20.2820
ss_50            32          -9.2317        -4.7693        -9.7855        -2.5823         2.2327
ss_50            33          44.5627        51.1653        27.1613        21.4240        20.7349
ss_50            34          10.8098         4.7025         4.8863         7.6870         2.2275
ss_50            35          12.9191        16.8089         7.6196         5.7676        -1.4545
ss_50            36          19.4183        20.5960        21.3773        23.7596        21.4159
ss_50            37          17.9788        12.1005        15.5897        17.6913        14.7710
ss_50            38          15.0581        15.1669        13.2476        22.3456        14.8385
ss_50            39         -31.6094       -22.6021        -4.8893         5.3878        10.4258
ss_50            40          19.9618        19.8254        32.1141        36.2772        31.8633
ss_50            41          20.5374        42.7575        32.5184        20.3912        18.2044
ss_50            42          27.4054        29.9802        32.9520        27.7082        21.5130
ss_50            43           4.6882         2.3835         5.8947         5.2702        10.2047
ss_50            44          23.4235        24.9073        33.5731        31.9782        31.7216
ss_50            45          33.9810        38.5963        40.2011        32.4995        26.2172
ss_50            46          19.2249        28.8261        27.6662        25.8177        24.3215
ss_50            47          24.7350        27.5037        23.1822        24.2062        19.6330
ss_50            48          24.2732        40.3393        22.3717        28.2798        27.1843
ss_50            49          18.5242        25.3020        28.4356        31.2026        34.9082
ss_50            50          31.1362        32.1120        31.9710        23.6777        23.6261
ss_50            51          29.2039        27.5923        18.0462        16.4118        12.0733
ss_50            52           5.8725         3.4773        11.9169        10.9202        11.5373
ss_50            53          13.8287        23.0288        26.8054        27.6259        29.4076
ss_50            54          15.7017        14.4746         9.2446        14.2846        11.6873
ss_50            55          26.5372        29.9420        30.6239        31.2943        25.8062
ss_50            56          23.4388        32.8802        24.0517        27.0096        22.0404
ss_50            57          15.5654        18.4944        11.5388        14.9699        11.0397
ss_50            58          11.5431        13.9871        11.1104        12.6579        13.4445
ss_50            59          64.3893        50.5365        44.1470        41.7829        34.4476
ss_50            60           3.4440         3.6987         9.1454         7.6400         7.8534
ss_50            61          17.3480        17.0857        21.1236        17.9956        16.2890
ss_50            62          -8.2810         1.1104         0.4302         1.9522         3.8473
ss_50            63         -18.4582        -1.2217         1.5203         3.6050         0.0265
ss_50            64          17.8133        23.3801        21.9413        19.5910        14.6075
ss_50            65          18.3514        24.2568        12.2144        17.8264        15.4870
ss_50            66          28.0169        22.6320        10.0187         9.0628        10.4497
ss_50            67          22.0035        31.2804        29.6681        26.8638        23.6889
ss_50            68          17.2427         2.5058       -18.1992         8.0887         4.9543
ss_50            69          17.3904        22.1222        24.0293        22.4127        17.5143
ss_50            70           2.6097        -3.0640         7.4696         5.9820         4.2831
ss_50            71          31.4548        20.3324        23.1799        16.4905        13.9496
ss_50            72          11.2810        12.0616        12.8062        10.2072        10.3418
ss_50            73          17.4189        23.4699        22.8218        22.6619        15.3801
ss_50            74          26.0712        29.1458        27.2659        31.2926        28.9438
ss_50            75           -.----         -.----         -.----         -.----         -.----
ss_50            76          24.6706        27.1534        26.7409        24.0629        21.1973
ss_50            77           7.0145         6.4866         8.9145        19.6703        11.6575
ss_50            78          14.5213        13.6388        17.5313        17.0323        14.2975
ss_50            79          17.8793        20.8863        21.3510        18.4153        18.5093
ss_50            80           7.4845        14.5541        13.6107        12.9134        10.7940
ss_50            81          -4.1598        -4.8620       -10.9080        -6.2961        -8.8148
ss_50            82           7.4522         9.9310        12.4222        11.5693        15.1230
ss_50            83           1.2856         2.1721         5.0605         3.5315         0.1492
ss_50            84          19.3861        24.4062        24.6908        29.5795        29.1137
ss_50            85           5.2249         8.7189         6.5388         4.1813        -0.2047
ss_50            86          26.5103        30.4814        37.5087        32.1285        30.2186
ss_50            87          12.8669        13.8360        21.7495        18.0186        16.3067
ss_50            88           8.2692         9.6871        17.7078        15.5421        12.9067
ss_50            89          15.0763        21.3233        27.3662        26.6033        22.0469
ss_50            90          27.2525        37.4898        35.6962        39.1310        34.8980
ss_50            91          13.7963        17.9391        24.8368        21.4190        20.1510
ss_50            92          14.9712        22.6503        25.2064        22.5354        19.6599
ss_50            93          14.0429        14.4197        12.9287        11.7284        11.2483
ss_50            94           0.7307         5.8048        17.5671        17.4743        16.1697
ss_50            95          18.3651        26.5381        23.9578        26.7324        26.6996
ss_50            96          13.3339        12.6282        12.6981        11.9273         9.1175
ss_50            97          12.2038        16.8885        18.1863        14.4749         9.7912
ss_50            98          16.3794        21.0545        27.7402        30.0356        29.7790
ss_50            99          31.0463        40.2971        36.4794        42.8006        38.5616
ss_50           100          10.5146        17.3052        15.6803        18.1595        18.9348
ss_50           101          34.3213        34.3370        29.8074        34.1151        33.9445
ss_50           102          11.1149        16.9533        11.1582         9.6849         9.7605
ss_50           103          28.2539        34.0359        36.2771        38.4770        33.4940
ss_50           104          13.9488        17.9794        16.4326        14.0767        16.5953
ss_50           105          20.4737        27.5392        29.0573        28.6786        24.8020
ss_50           106           1.2096         6.5754         2.3408         3.6982         4.1617
ss_50           107           3.3021         6.0609         7.0985         7.2734         4.2278
ss_50           108           8.2006        12.5486        15.7883        15.5650         9.8164
ss_50           109           4.7211         4.9456         6.4572        10.2585        14.5204
ss_50           110          41.3531        36.3526        33.5865        29.4368        31.6290
ss_50           111          -2.6293         1.2008         3.8523         5.8840         6.3797
ss_50           112          12.1940        14.5640        16.8357        16.2581        13.6238
ss_50           113           5.0410         9.4562        11.8095        11.4354        13.6097
ss_50           114          14.8599        18.3632        19.5650        17.4295        13.0912
ss_50           115           2.9933         5.5395         5.6890         6.8909         8.0795
ss_50           116          17.3825        20.1273        19.6459        17.6365        16.1964
ss_50           117           7.4456        14.4645        16.0697        19.1061        17.8863
ss_50           118          23.2487        29.8859        31.5276        24.2994        22.2233
ss_50           119          15.8794        22.0925        26.7845        22.9410        23.6207
ss_50           120           7.8875        13.2148         5.9731        12.3756        10.8116
ss_50           121          20.2413        26.0006        29.7611        28.9392        23.2906
ss_50           122           7.5142        13.5379         6.8842        10.0065         9.1961
ss_50           123          11.9919        12.9485        13.6982        15.5012        12.1927
ss_50           124          19.2878        25.1362        23.1762        20.7909        12.4947
ss_50           125           7.7788        10.5895        11.0562        10.5900         7.8853
ss_50           126          27.1794        36.3065        39.3326        44.3778        40.3299
ss_50           127          16.5486        23.8639        23.4953        28.6796        26.9660
ss_50           128          19.1676        21.5426        22.7639        25.7666        23.8772
ss_50           129          14.2912        17.4684        19.2423        22.5354        25.7461
ss_50           130          18.0234        25.2172        31.9026        33.1940        31.8652
ss_50           131           8.0858        11.4939        11.1471        13.0249         9.4885
ss_50           132           5.1766         5.8353         4.3858         5.1920         2.6349
ss_50           133          10.0186        15.7008        17.9030        16.9590        17.8246
ss_50           134           3.4207        10.3974        12.5760        14.4743        12.4949
ss_50           135          14.6969        14.2705        17.3023        15.5769         9.4946
ss_50           136          -0.5874         6.2939         9.9038        13.0215         9.4271
ss_50           137          23.4110        28.3780        22.3136        21.1852        18.0192
ss_50           138         -11.0910        -2.3703        -1.1528         0.8156         4.1078
ss_50           139           2.2315         1.9369        -1.2227        -0.3898         5.0915
ss_50           140          11.9775        19.7950        21.2988        22.0003        21.6487
ss_50           141          12.5295        14.1551        12.1339        12.5040         8.3571
ss_50           142           2.3476         4.5237         4.6512         8.9570        11.2344
ss_50           143          15.5143        18.9892        14.1765        17.9253        19.9878
ss_50           144          16.8480        22.7769        22.9527        22.3371        21.1419
ss_50           145          -0.3292         3.7493         9.7544        10.0623         7.7536
ss_50           146          13.6537        17.0156        20.1562        23.1871        22.4996
ss_50           147          -3.2269        -2.9416        -9.2406        -6.6781        -7.5669
ss_50           148         -18.7447       -10.8005        -9.3654        -8.5360       -10.3651
ss_50           149          22.0732        21.8910        16.3086        17.3410        15.2214
ss_50           150          21.1161        23.6705        28.8816        26.7003        25.0360
ss_50           151          10.4229        13.9683        16.2764        14.0451        17.2180
ss_50           152          14.8352        18.9330        19.6503        25.8591        23.7308
ss_50           153          12.2949        16.6301        22.5842        27.6789        25.2330
ss_50           154          14.8957        19.5841        12.6531        17.3710        17.4325
ss_50           155           9.8259        14.4881        11.7679        18.4710        15.8375
ss_50           156          13.3150        23.0438        30.5479        29.4307        31.1387
ss_50           157           3.5635         7.1138         8.4608         7.3477         5.1543
ss_50           158         -14.9884        -5.9465        -7.0568        -5.8833        -7.3685
ss_50           159          17.5001        19.7006        22.1637        27.1544        25.1240
ss_50           160          15.5340        19.0610        23.8226        25.7360        29.3616
