Filename       Segment   T232T272Fz-ASNM T232T272FCz-ASNM T232T272Cz-ASNM T232T272CPz-ASNM T232T272Pz-ASNM
ss_54             1           9.4692         7.3836        17.8823        19.5763        20.1940
ss_54             2          16.4785        13.5559        12.3945        11.6846         8.0608
ss_54             3           6.7413         9.9493         0.7014        -7.3133       -12.0533
ss_54             4          -2.2724         3.7200         2.1244         5.7109         5.5062
ss_54             5           3.1618         9.1904         6.9732         3.7668         1.5511
ss_54             6          -4.5175        -3.6301        -3.5129        -2.9742        -3.9071
ss_54             7          17.5434        17.7031        20.5505        18.9662        13.2413
ss_54             8           4.5683        -1.4182         3.9473         4.7195         1.6352
ss_54             9          10.5879        12.2377        20.9814        19.6357        17.3054
ss_54            10           1.4200         2.2224        -8.8562       -14.9838       -13.1658
ss_54            11          -7.8419        -1.3894        -2.9485         0.4389        -1.0418
ss_54            12          -2.5686        -6.3610        -5.2786         1.9496       -15.2754
ss_54            13          -9.1247       -59.5441         1.1173         2.4523         0.6381
ss_54            14           1.4705        -1.3317         3.1667        -0.6759        -3.2239
ss_54            15          19.3173        32.5005        26.0170        23.3577        18.1415
ss_54            16           6.0189         4.3245        -6.1511        -8.4442        -8.3677
ss_54            17          22.6143        24.0342        20.1806        13.1599         4.2983
ss_54            18          -7.4143        -6.2522        -4.8364        -3.8735        -6.8177
ss_54            19          25.0212        27.9843        31.8801        33.8147        32.3094
ss_54            20           8.2818         4.8991         8.4436         4.1225         0.7205
ss_54            21          -0.9008         1.8685         2.7076         1.2479        -1.2739
ss_54            22          -3.5867         2.4108         2.4093         4.8451         2.1641
ss_54            23          -7.8427       -11.8841       -10.9631       -12.9718       -14.4686
ss_54            24           0.9658         9.8032         4.7507         7.4800         7.7561
ss_54            25          14.4501        -3.7254        19.6265        21.5972        14.8172
ss_54            26           6.3987        12.3242         8.4596         7.3209         1.5148
ss_54            27          -9.6124        -5.2956        -6.6176        -3.7364        -2.1394
ss_54            28          19.1670         9.6782         8.9843         4.4539        -2.2743
ss_54            29          16.3279         7.9088        13.4378         9.7999        -1.2472
ss_54            30           2.8859        -2.0110        -0.5793        -0.0988        -5.7887
ss_54            31          12.0824        17.4433        13.3632        18.9821        15.7522
ss_54            32          19.2822        26.3619        25.8376        25.1177        22.3507
ss_54            33          15.7480        16.1805        19.6488        18.5548        16.8487
ss_54            34          17.8703        23.9272        20.3795        20.2425        18.6269
ss_54            35           8.8891         3.5245        10.7459         9.6322         3.7847
ss_54            36          11.7201        18.3144        12.0028        10.4188         9.1548
ss_54            37          -7.1358       -12.9194       -12.1194       -11.7202       -11.1641
ss_54            38          12.4452         9.0692        23.3005        27.4228        21.9555
ss_54            39          -9.5973        31.4559         8.7736        14.4616        15.1467
ss_54            40           2.1828        -0.4769        -1.8376        -3.0947         0.0052
ss_54            41          13.9648        23.5359        13.2095         1.3193        -2.3330
ss_54            42           9.0356         6.5667         7.4178         5.3273         4.6251
ss_54            43           5.1541         7.1882        13.9527        17.7992        12.7843
ss_54            44           0.7019        13.5787         7.6885         2.5300         3.2868
ss_54            45          -8.2457       -14.3261        -6.4961        -1.5721         0.0226
ss_54            46          21.1145        19.0552        21.5770        17.8588        16.6385
ss_54            47          41.8189        43.9776        29.5472        38.9045        28.3393
ss_54            48          14.8693         7.5812         6.7132        11.4144        15.8297
ss_54            49           0.7148         7.9165         7.7990         8.4081        10.3075
ss_54            50          13.5934        17.5793        21.4231        23.5131        19.5553
ss_54            51          21.4266        16.7488        22.9836        22.3199        22.0938
ss_54            52          16.7877        16.9795        12.0147        11.2772        10.7210
ss_54            53          -2.8697        -3.5211         4.4664         3.2034         5.6589
ss_54            54           7.2686         2.2937        12.4659        15.3333         6.3953
ss_54            55           2.5696         3.4576         4.1680        10.7409         8.0939
ss_54            56           3.7606        -2.2820         8.4496         3.7712         0.0885
ss_54            57          34.2924        37.8336        18.6051        15.3339         3.3566
ss_54            58          -3.3699        -5.8613        -3.8455        -4.6150       -15.1100
ss_54            59           5.1813         9.8737        12.2803        12.3413         7.1337
ss_54            60           0.9120        -9.0151         6.8635         5.3031        -0.9562
ss_54            61         -15.1665       -27.8305         4.7103         3.7970        -2.5432
ss_54            62          32.8132        61.7347        22.1961        27.9599        27.7644
ss_54            63          -3.3705        -3.1357        -0.6388         1.2045         2.2866
ss_54            64          11.0655         2.6368        17.4586        14.1277         8.8687
ss_54            65          35.2604        30.0180        33.8892        33.8846        35.2331
ss_54            66           7.1808         9.3306         8.9426        10.7127        13.4893
ss_54            67           7.8242        13.4171        14.0772        16.1427        18.6245
ss_54            68          -7.4103        -2.5173         1.5008         5.7675         9.2894
ss_54            69          14.3540         3.0964        20.2730        22.2409        21.7681
ss_54            70          10.1120        25.1872         6.2700        13.7463        17.9449
ss_54            71           9.6148         2.3059         9.9933         8.8177        11.4463
ss_54            72           8.3887         9.2207        12.2531        15.3349        17.3713
ss_54            73          -3.6724        -2.1564         2.6699         6.4846        10.1459
ss_54            74         -13.0112        -7.2227        -6.7688        -3.4520        -1.9189
ss_54            75          15.0154        27.1138        19.4156        22.6210        20.4440
ss_54            76           2.1966        12.8623         9.0618        10.3877         8.9399
ss_54            77          -5.0546        -3.3325        -1.2902        -0.1100        -3.6388
ss_54            78          -0.0342         2.1992         0.8013        -1.1046        -0.4071
ss_54            79           6.0511        13.9874        -0.8516         1.2011         4.0067
ss_54            80           0.4295        10.8614        -5.3594        -6.3795        -5.8843
ss_54            81          10.6513         9.5576        10.8483         8.8930         6.4830
ss_54            82           6.9945        11.3619        16.2418        22.9289        20.0591
ss_54            83          -4.8857        -7.4452        -0.3625         2.0135         3.2438
ss_54            84          16.9049        27.2701         6.1612        15.0500        12.8131
ss_54            85          23.0514        49.6084         8.2142         7.9700       -17.1322
ss_54            86           7.9959        10.2118        14.5251        14.0980        10.8860
ss_54            87           8.2767         6.7827        10.5858         7.3130         9.9332
ss_54            88           5.0103         7.2432        12.3554        16.8919        19.0905
ss_54            89          18.2677        25.6189        22.0886        18.9677        14.7041
ss_54            90           6.2156         0.4929         6.7675         1.8767        -3.8666
ss_54            91         -16.6183       -11.7846         0.4986         2.5354        -3.7566
ss_54            92          19.6010        20.6899        24.7148        22.9527        18.7095
ss_54            93          -6.9974       -13.5699        -2.7023        -3.1747        -5.0243
ss_54            94          -3.5638        -2.4179        -3.5926        -2.0747        -2.8874
ss_54            95          13.3683        20.0514        21.6964        21.2919        19.0110
ss_54            96           2.9819        -5.6451         0.3183        11.5929        14.1113
ss_54            97         -27.6126       -35.1773         1.9645        -1.2155        -3.9999
ss_54            98          28.0373        25.5860        20.3366        16.4324        13.8553
ss_54            99          -2.0244        -3.1379        -1.9719        -3.5064        -9.7156
ss_54           100          17.0612        15.5338        27.5194        26.9166        23.7223
ss_54           101          -2.6004        -2.2424         0.8904         2.2809         1.0537
ss_54           102           0.0375        -1.6517        -3.0704        -1.7989        -3.0307
ss_54           103          -0.8131        -8.4609         7.2933         9.5242        18.2907
ss_54           104         -10.0713       -14.6586        -4.0229        -0.7648        -5.3579
ss_54           105         -28.3250       -32.7222       -15.9849       -15.7326       -19.2453
ss_54           106          -1.4570        -2.0129         3.5928         1.5637        -2.7715
ss_54           107          11.4874        17.1591        11.9585        13.7518         8.4453
ss_54           108          21.1460        16.5608        15.7992        13.0861         5.3399
ss_54           109          -4.0899         0.8261         0.6563        -0.6794        -7.5649
ss_54           110          -4.4031         0.3669        10.8003         6.0518        -3.6632
ss_54           111           9.4709        61.0905         8.1479        10.7246        21.1046
ss_54           112          -8.7717       -12.9433        -6.9582       -11.3719       -13.5391
ss_54           113          26.4188        12.5816        27.8351        29.2760        26.8550
ss_54           114           6.2813        14.8271        14.0194        16.1436        15.8314
ss_54           115           6.8387         8.5909         8.3998        10.8836        10.8439
ss_54           116          16.2508        17.4519        20.7658        19.8834        15.2210
ss_54           117          10.5110        15.3980        20.5020        22.8173        24.8610
ss_54           118          -0.4007         4.7466         5.7623         9.9443        14.1181
ss_54           119           0.6876        -0.6810        -0.2788        -3.7578        -4.9781
ss_54           120          19.0050        16.1179        27.0185        27.7451        26.8223
ss_54           121          16.4573        16.6041        11.5968        12.3938         8.8568
ss_54           122          -9.8132        -0.9963        -1.7030        -2.0963        -3.9368
ss_54           123           9.3581        20.1020        11.4826         8.8769         7.6271
ss_54           124          11.0471        21.8053         2.8290         2.9357         2.8999
ss_54           125          24.1185        18.7606         8.3833         5.5767        -0.0104
ss_54           126           0.6340        -2.9924         3.4488         5.1277         6.1402
ss_54           127           4.8237         5.3302        14.3277        15.4047        11.5993
ss_54           128          20.9052        22.6697        29.5976        27.4598        23.3924
ss_54           129          19.0377        19.4196        16.2345        13.1265         6.3728
ss_54           130          18.4422        21.1708        14.1546        11.1747         4.9867
ss_54           131           8.4659        12.9473        16.6016        19.5807        22.1674
ss_54           132          11.2376         9.5470        17.8411        18.0756        15.3169
ss_54           133          21.2494        29.7645        31.1903        28.2566        25.6251
ss_54           134           4.0117         3.3038         0.3475        -4.0792        -8.5787
ss_54           135           7.6730        12.1194        15.1585        17.9858        12.9435
ss_54           136          13.9263         9.3551         7.4296         7.4994         3.0537
ss_54           137           7.9806        14.5976        19.8033        23.9742        24.0001
ss_54           138          16.2781        21.1855        23.4347        19.1418        15.9567
ss_54           139          -0.1787         1.8829         0.1464         1.3435         2.6021
ss_54           140          18.8023        28.3170        24.5228        23.4641        22.3467
ss_54           141           9.3409        10.1913        12.2919        11.9383         9.7759
ss_54           142           0.0147         6.7533         4.1757         4.5007         6.4593
ss_54           143          -1.2067         4.7046         5.3063         7.8982         5.7003
ss_54           144          18.8881        21.9615        17.3884        19.2848        16.0204
ss_54           145           6.3148        13.0675        16.9381        16.2860        18.5383
ss_54           146          19.6076        28.8240        24.7558        24.6398        20.8711
ss_54           147           7.4675         2.4208         3.4121         6.3215        12.0461
ss_54           148          16.0722        12.4561        17.7265        11.1902         9.7754
ss_54           149         -12.0231        -9.3411       -11.4301       -14.2713       -14.0774
ss_54           150          13.2457        15.4656        22.2326        26.6978        27.9105
ss_54           151          10.8989        10.4696        13.8087        16.7474        14.1712
ss_54           152          -2.8917        -3.2430        -6.6712       -10.7679       -11.4953
ss_54           153           1.3434         1.5933        -2.6807        -6.9832        -7.4971
ss_54           154          27.4681        25.3179        21.7676        16.0915         8.5269
ss_54           155           1.6901        -1.7411        -5.0264       -10.0313       -14.9460
ss_54           156           7.7219         2.2264         6.4839         5.7740         1.8542
ss_54           157          12.6263        12.9910        11.7882        13.2952        10.8914
ss_54           158          -0.1630         0.7093         0.9878         4.5149         4.2465
ss_54           159          -9.1175        -2.6376         0.2234        -2.3965        -3.9839
ss_54           160          11.7774        13.0281         8.1732         6.7442         6.2356
