Filename       Segment   T264T304Fz-ASNM T264T304FCz-ASNM T264T304Cz-ASNM T264T304CPz-ASNM T264T304Pz-ASNM
ss_57             1         -12.3399        -6.8574         1.8044         5.8150         7.9888
ss_57             2           8.8851        -0.3458         0.5965         1.2542         3.5633
ss_57             3          21.4320        21.0079        24.1944        22.4771        27.7764
ss_57             4          -3.9723        -3.2470       -11.5815         3.3965         8.5685
ss_57             5          18.9061        15.6973         9.1189        14.2850        25.0093
ss_57             6           6.8152         7.7481         9.3451        12.3635        19.6908
ss_57             7         -34.2409       -24.0984       -16.6580       -14.7854        -2.1566
ss_57             8          13.8032         2.1579        -1.2600         5.6828         3.7033
ss_57             9         -13.4214        -7.7081        -9.6067       -12.4084       -10.9744
ss_57            10         -28.9042       -22.0115       -12.7995       -12.8957        -2.6493
ss_57            11          16.1678        12.0379        15.4404        23.7199        21.7939
ss_57            12          -6.1006        -9.0477       -14.1999        -0.6806         1.9684
ss_57            13         -11.2381        -8.8965        -8.7840        -9.8046        -2.0180
ss_57            14          -3.0818       -17.8900       -13.2176        -8.0759         0.3471
ss_57            15          -0.1186        -1.7281         8.6675         7.1870        -7.6570
ss_57            16         -27.5980       -16.1245        -3.5710        -1.2638         9.6802
ss_57            17         -15.3848        -7.6601        -0.5936         6.4300         4.2451
ss_57            18          16.1256        14.0268        12.7075         7.8518        -1.9625
ss_57            19           8.2082        10.7545         3.2921        22.0554        19.2071
ss_57            20          11.6585         5.4911         6.3703        15.6136        24.7246
ss_57            21         -35.3088       -33.5372       -33.9780       -18.9196       -14.7056
ss_57            22          10.4136        14.2562        13.5584         6.9024         6.8355
ss_57            23          -1.0844        -0.5431       -21.3429        -4.4792        -0.1806
ss_57            24           8.3642        -0.4892       -14.5868        -9.6311        18.2635
ss_57            25          -2.9638        -1.8661       -18.3991         6.7165        37.6330
ss_57            26         -10.9013        -6.5521        12.5261        -9.5230        -6.9937
ss_57            27          -3.0749         0.6560         0.8356         1.3299         7.9550
ss_57            28         -17.7565       -15.5486        -7.6441       -11.4243        -8.4582
ss_57            29           -.----         -.----         -.----         -.----         -.----
ss_57            30          18.3456        19.3927        16.1778         5.6277         2.4517
ss_57            31           6.1175         7.3554         6.0985         8.9251        16.0974
ss_57            32           -.----         -.----         -.----         -.----         -.----
ss_57            33          -4.7867        -0.3046         3.5892         7.2080        14.1416
ss_57            34          -1.2091         4.3239         7.0852         8.2097        12.8840
ss_57            35          20.9525        14.0198         6.4854        -2.7624        -3.5565
ss_57            36          19.6024        13.9013        20.7872        18.3457        15.9863
ss_57            37          14.3187        18.9694        37.0660        21.8843        17.9614
ss_57            38           -.----         -.----         -.----         -.----         -.----
ss_57            39          17.8887        18.8347        24.7004        12.8520         6.2711
ss_57            40          -0.8458         7.6818        20.4452         6.8656        11.9738
ss_57            41          41.1762        33.9113        47.8492        33.7272        36.7528
ss_57            42         -29.8516       -21.8276        27.2419       -15.3780       -14.7957
ss_57            43         -16.5519       -15.0193       -20.8371       -23.0761       -22.2810
ss_57            44          11.7450        11.0982        37.2159        12.3865        10.3366
ss_57            45         -73.4860       -47.5482       -25.9406       -28.0921       -11.0827
ss_57            46           5.3046         5.0666        15.0693         0.2382         0.3109
ss_57            47          13.8119        13.8870        16.7656        15.0899        10.0498
ss_57            48          -1.0047        13.1324        -6.1710         4.7983         9.6744
ss_57            49         -19.9026       -15.2455       -17.1289        -5.1109        -0.6649
ss_57            50         -23.6884       -19.3879         9.0821       -16.4729        -9.3464
ss_57            51          17.5862        16.7233        29.2475        13.9461        13.8972
ss_57            52           8.5996         5.1986         7.1482        14.8365        12.3849
ss_57            53           4.1629         1.9097        -4.8218         1.4045         6.6436
ss_57            54         -23.4427       -29.9265       -75.3596       -19.8614       -12.0113
ss_57            55          -6.8419         0.4475        16.5389        18.4402        11.0585
ss_57            56           -.----         -.----         -.----         -.----         -.----
ss_57            57          -4.8430       -11.6078       -17.1030        -6.5880        -6.4588
ss_57            58          21.0875        16.4934        16.8218        23.2629        20.5239
ss_57            59          23.8976        24.7286        14.9081        13.2895         6.8083
ss_57            60           9.0874         1.3505        -3.0767         0.4773        -3.0579
ss_57            61          13.6846        13.7813        12.1761        18.6470        18.3850
ss_57            62           4.6989         0.4738         0.5023         8.0088         4.9856
ss_57            63           2.7537         8.3879         5.5575        11.8996        11.4675
ss_57            64          -4.2492        -3.0222       -11.0459         3.3708         4.3487
ss_57            65         -13.1272        -5.9898        -0.4423         5.6260         8.7131
ss_57            66         -18.3591       -18.2664        -8.5496        -8.3174       -11.4587
ss_57            67          -8.5259       -11.1471       -11.7613         9.3267        17.4494
ss_57            68         -35.8940       -31.0723       -26.1844       -19.6738       -10.7292
ss_57            69           0.5307        13.2018        10.1003         6.7586         3.6853
ss_57            70         -16.8401       -20.0694       -19.6751       -16.3382       -13.0880
ss_57            71           -.----         -.----         -.----         -.----         -.----
ss_57            72          37.1437        32.5148        31.2080        15.3134        10.8706
ss_57            73           4.9599        -3.3575         5.2741        -5.8207        -5.8196
ss_57            74           -.----         -.----         -.----         -.----         -.----
ss_57            75          10.1183        -2.1204       -10.5361        -6.7863        -1.6128
ss_57            76           -.----         -.----         -.----         -.----         -.----
ss_57            77         -10.8048         0.9339       -12.6926         0.5615         6.6087
ss_57            78          -0.0830         9.4677        11.6605        14.6019        20.1432
ss_57            79         -21.5736       -31.0805       -12.2771        -4.4378        -0.2212
ss_57            80         -17.9217        -8.4245        -7.1900        -5.3772        -6.4068
ss_57            81           5.6582         4.5135        -9.9330        -5.2382        -5.1729
ss_57            82         -16.7234       -15.8555        -8.0902       -12.1992       -11.6290
ss_57            83         -19.0259       -16.8628        -5.8926        -3.6318         3.3921
ss_57            84         -19.6786       -21.6811       -19.3089       -13.3764        -7.1827
ss_57            85         -13.8313       -18.6496        -7.9177        -6.7911        -4.8585
ss_57            86          -3.2815       -12.2045         7.6731        10.9542         5.6038
ss_57            87         -12.8380       -18.2658         6.9241       -13.7607       -14.3158
ss_57            88         -21.3283        -9.9098       -16.1465        -7.1299        -5.1156
ss_57            89          12.0347        15.5351        14.9730        19.1091        21.3839
ss_57            90          23.5440        12.2528        17.7162        22.1842        15.8429
ss_57            91           5.4068         8.5996         9.4709        16.4342        16.5275
ss_57            92          19.1534         4.5963        -5.6447         8.8418         8.8825
ss_57            93         -18.8276       -21.9609       -21.0169       -17.3357       -15.3101
ss_57            94         -27.8742       -24.0837       -21.9119       -24.3890       -26.2134
ss_57            95         -22.3370       -24.1329       -19.1339        -2.7441         2.5531
ss_57            96         -18.1585       -19.3507       -15.9959       -10.5428        -4.9611
ss_57            97         -22.0226       -11.0116        -7.5735        -2.3395        -5.6269
ss_57            98           5.7133         9.7248        43.8924        12.7270        18.2656
ss_57            99          22.0815        13.9672        12.2477        17.5146         8.3066
ss_57           100          16.4060        14.3673        35.3551         1.9511         0.1557
ss_57           101         -11.8586       -11.0301        -6.8932        -3.7506         2.6048
ss_57           102         -21.2234       -10.5711        -7.2064         8.1079        11.1809
ss_57           103          -2.6852         3.6717         1.7388       -11.6689       -12.9454
ss_57           104          -0.7607        -4.5323       -14.6534         1.8055        11.7812
ss_57           105           2.3412        10.3662        19.0027        12.7078         3.0606
ss_57           106           8.5750        17.1477        18.7863        15.3922        21.1670
ss_57           107         -28.7154       -28.7412       -21.6118        -7.0386        -0.5180
ss_57           108          15.2102         6.4683         4.4927         3.1243         6.7122
ss_57           109           2.0527         1.4616        -6.8700        -5.8928        -6.4805
ss_57           110          -8.5223        -2.9919        -0.5745        10.7105        10.6325
ss_57           111         -13.3005       -12.0928        -6.5710       -11.4969       -11.5517
ss_57           112           2.2682        -0.4853         1.3751        -0.8134         4.0600
ss_57           113          -9.1193        -7.0195        24.8012        -0.0945        -0.7138
ss_57           114          -0.7144         4.6629        12.5336        -2.0173        -4.3402
ss_57           115         -19.1544       -16.8652       -17.2299        -9.4134         0.1471
ss_57           116          -2.6681        -2.0808        -1.3466        -3.4208        -3.0602
ss_57           117         -40.0891       -29.2126       -11.6816       -23.0979       -23.5134
ss_57           118         -17.9319       -10.0818        -6.0489        -8.3808        -5.6265
ss_57           119          14.6816         8.8155         5.0533        19.1556        12.3680
ss_57           120         -15.4202       -20.4119       -18.8197       -11.8299       -13.2203
ss_57           121          13.7351         5.0445         5.9592        29.7113        36.5712
ss_57           122         -11.6915       -17.1325         0.4097        -2.9837        -3.3761
ss_57           123         -14.4164        -5.8982        -7.3759        -6.5644       -10.1614
ss_57           124          13.3820         4.6642        14.7664         5.0342         4.7725
ss_57           125          -4.0485        -1.7303        -4.5617         3.8529        10.5952
ss_57           126          -9.4797       -13.6881        -6.1600        -5.8741        -5.0426
ss_57           127         -26.7635       -20.3566       -20.8616       -17.6383       -15.2815
ss_57           128         -21.8876       -15.9102        -6.5587        -2.6091         1.3695
ss_57           129           4.5436         6.7633        18.6310        12.1374        16.8531
ss_57           130          -5.5184        -5.5803       -12.5943       -14.9927       -11.5222
ss_57           131          12.0086         7.4753         6.4852         5.2479         8.4449
ss_57           132           3.9138         3.2492         2.9779         3.0347        -3.3940
ss_57           133          84.3052        58.6972        39.7418        30.4705        40.7673
ss_57           134           1.1858         3.8609         0.3687         7.0338        10.2839
ss_57           135           5.5182         3.8112         6.3941         2.5207        -0.4585
ss_57           136         -18.2030       -17.9201       -12.6449       -10.3933        -4.7250
ss_57           137          38.0076        44.9152        48.7798        39.3938        39.2343
ss_57           138         -15.0881       -13.5416       -17.2868       -21.5235       -19.8164
ss_57           139          13.0203         7.9571        12.7452        13.4035        17.3582
ss_57           140         -46.9258       -36.0231        -0.5346        -3.6700        -0.0907
ss_57           141           1.7410         7.6357         0.1669         0.8045         0.5894
ss_57           142           -.----         -.----         -.----         -.----         -.----
ss_57           143         -16.3644       -13.2649        33.8297         6.5614        12.6618
ss_57           144         -34.2139       -26.2343       -15.3526       -42.0366       -39.0298
ss_57           145          -4.2186        -2.2657         0.9970         7.9068         6.2188
ss_57           146          14.4307        22.7372         8.2287         8.4766         4.8900
ss_57           147           5.7012        10.9357        20.1325        18.0608        16.1789
ss_57           148         -36.9111       -33.9133       -37.0563       -37.5769       -34.0611
ss_57           149          15.2736        10.0737        16.2338        20.5003        14.3252
ss_57           150           2.9778         0.8720         3.4760        10.2261         0.9657
ss_57           151         -17.0606       -14.6727       -15.0113        -1.4771        10.4184
ss_57           152          20.5543        10.7383        -6.6637         1.3161         3.0157
ss_57           153          -9.8195       -13.9619         2.9283        -0.9085         3.4587
ss_57           154           4.0566        -3.1346        -2.0563         7.3743         4.0424
ss_57           155           4.1863         0.3914         0.9188        -0.4062         1.1994
ss_57           156          26.0090        23.1692        32.3163        24.9811        30.7075
ss_57           157         -18.6861       -18.3571       -44.2358        -6.2192        -3.6366
ss_57           158          15.0997         0.6836        13.4258        32.6515        24.1178
ss_57           159           -.----         -.----         -.----         -.----         -.----
ss_57           160          -6.3044         0.3890        11.3154        18.8158        22.6995
