Filename       Segment   T228T268Fz-ASNM T228T268FCz-ASNM T228T268Cz-ASNM T228T268CPz-ASNM T228T268Pz-ASNM
ss_64             1          12.7000        16.3889        17.7307        17.4734        12.1256
ss_64             2          -2.8241        -4.2641        -9.4178       -10.7898       -13.0890
ss_64             3          11.2980        15.9606        10.7751         7.5984         9.3152
ss_64             4         -10.1436       -12.3532       -19.3974       -18.4415       -14.3600
ss_64             5           0.4953        -0.5894         0.8097         3.0841         0.5127
ss_64             6          -1.5664         6.4488         9.5999         8.3163         3.4475
ss_64             7          12.7023        12.6331        17.0034        12.3009        12.6128
ss_64             8         -14.0501       -16.4254       -19.7421       -16.3989       -11.4008
ss_64             9          15.0040        12.7018        12.1968         9.2656         6.2702
ss_64            10          -4.7072        -3.0134        -5.5494        -3.9717        -2.6122
ss_64            11          -4.1104        -4.4087        -0.1012        -5.5606        -2.7442
ss_64            12          -0.7727        -5.5829       -12.4030       -16.2672       -13.5428
ss_64            13         -15.3646       -19.0399       -16.4342       -13.7904        -4.6143
ss_64            14          10.4260        17.6307        21.9992        19.1320        17.4232
ss_64            15          -8.4447        -3.7559        -0.4385        -0.4749         3.2420
ss_64            16         -14.6106       -13.6149       -11.4936        -5.7943        -5.9886
ss_64            17          24.8385        28.1403        28.2386        31.2837        34.8699
ss_64            18          -7.5009        -3.5138        -7.3135        -8.9671        -8.1578
ss_64            19           9.5904         8.1827         7.1174         6.2292        -3.0416
ss_64            20          -5.2240         1.7937        10.4192        13.6934        25.0025
ss_64            21          -9.7386       -11.5741       -12.0505        -8.0465        -4.7001
ss_64            22         -10.5864        -7.6924        -4.5627        -2.0672        -1.9999
ss_64            23          -9.2994        -7.7412        -4.7375         1.4202        -0.6727
ss_64            24           6.2028        10.5472        11.1124         3.3266        -5.9906
ss_64            25          31.1455        22.4206        21.2069        23.1843        27.9105
ss_64            26           1.2273        -3.0269        -6.7770        -8.7190       -12.3496
ss_64            27           3.0559        -3.6814        -9.1936       -10.2845        -8.9527
ss_64            28          -5.8342        -6.7519        -5.9908        -3.4193        -4.0145
ss_64            29           1.2966        10.2986        14.8392        19.0530        21.6183
ss_64            30          13.6217        12.8731        13.6915        15.5972        18.7298
ss_64            31          -3.8233        -0.7932        -0.8391         0.7342         1.9669
ss_64            32          -7.5610        -9.1188        -5.5524        -3.2811         0.6885
ss_64            33           5.2397         7.1838         5.9022         7.0265         5.7232
ss_64            34          -1.3703        -2.2928        -4.3769        -7.4209        -9.6084
ss_64            35           0.1900         7.1971         2.2586         3.2865         0.9703
ss_64            36           6.6914         8.8856         7.9577         9.0466         5.1892
ss_64            37          -3.9629        -3.3349         0.9890         1.4055        -1.2793
ss_64            38          -8.8153       -13.8507       -11.5976       -10.1774        -9.6225
ss_64            39         -11.8358       -12.3864       -12.9441        -4.6839        -1.3120
ss_64            40          -3.8708        -1.9776       -22.4686         1.1741         2.7301
ss_64            41          10.4022         7.1970         8.2315        10.2091        -1.0276
ss_64            42         -21.3898       -16.2687       -11.1888        -6.9225        -4.1413
ss_64            43           1.1456         5.3994         2.8804         3.3774        -0.3972
ss_64            44          -9.3727       -11.9757       -10.4597        -6.3475        -5.8079
ss_64            45          -0.4525         0.2702        -0.2246        -3.8259       -12.4786
ss_64            46         -32.7559       -28.2735       -21.2875       -13.7231        -1.1646
ss_64            47         -29.9860       -27.5925       -21.8709       -18.4514       -15.2657
ss_64            48          -1.6131        -0.0136        -0.2777         3.4590         9.6177
ss_64            49          27.2729        26.1875        30.9387        28.0112        19.9592
ss_64            50           5.6793         8.1611         0.7850        -1.9959        -1.8224
ss_64            51          15.6990        15.8997        16.3574        16.6016        13.6522
ss_64            52           4.6647        10.0610        13.7907        15.8223        18.9628
ss_64            53         -18.6178       -14.4629        -4.1374         0.0714         2.6073
ss_64            54          12.6271         9.1204         8.8524        10.0975        15.6639
ss_64            55          -2.4688        16.5038        22.2142        19.2436        29.7035
ss_64            56           5.8097         4.8462         6.1281         7.1352         8.2773
ss_64            57           9.0718        19.1432        26.0858        31.2232        27.5821
ss_64            58          -2.1478        -3.0226        -1.7947         1.6335         2.5913
ss_64            59          -4.2987        -6.5429       -15.8895       -16.6292       -22.3319
ss_64            60          10.4346         8.2493         9.0243         9.1484         5.7142
ss_64            61          17.0734        12.6032         1.8821         1.3150         0.5219
ss_64            62           7.0765         9.7593        13.6913        14.3297        11.8338
ss_64            63          16.1398        14.2721        12.8256        15.1027        25.6506
ss_64            64          -1.6619         0.1638         2.1027         1.6381        -2.8239
ss_64            65          -4.0059        -4.7708         1.9427         1.7133        -2.7322
ss_64            66          -1.6486        -1.0861        -3.5692        -2.4388        -8.1655
ss_64            67          -3.0959         1.4790         2.8503         2.3909         5.0253
ss_64            68           5.2508        13.8575        20.0716        22.7539        18.3092
ss_64            69           9.3802         7.2871         4.9598         5.9455         7.5930
ss_64            70           4.0812        -1.5318        -4.4936        -0.2169        -1.7209
ss_64            71         -18.9183       -18.2293       -16.7736       -18.2614       -16.6763
ss_64            72         -18.9894       -16.1438        -9.2709        -1.7084         1.4673
ss_64            73           9.7676        12.3894        14.9744        12.9773        12.1009
ss_64            74           8.3180         9.4605        10.3831        12.7535        12.5956
ss_64            75          -0.3118        -4.7399        -3.4882        -0.2701        -5.6347
ss_64            76           6.8598         9.0262        17.2020        20.8111        24.2850
ss_64            77          -5.3866        -0.0431         4.5898        11.2711        15.7657
ss_64            78           2.5592         0.0240         5.4798        15.0416        19.2577
ss_64            79           0.5588         6.3994        13.9594        17.8551        27.1695
ss_64            80         -21.8563       -24.5246       -17.5849       -12.8169        -9.2775
ss_64            81           5.7894         3.9479         3.6581         6.1400         6.5184
ss_64            82          -5.6534       -11.0024       -12.5850       -13.4663       -14.9608
ss_64            83           0.0747         2.7190         6.5160         8.2956        10.4993
ss_64            84          -3.9022         5.9791        19.1046        27.7458        26.7616
ss_64            85          14.0696        23.6952        27.2867        26.7242        35.5914
ss_64            86         -13.0856       -10.2979        -7.9928        -8.9842        -8.6113
ss_64            87           6.6296         7.7516         9.3566        12.0229        11.4795
ss_64            88         -10.8282        -9.1765        -7.4613        -2.1816        -6.3590
ss_64            89          22.2404        20.7059        20.2497        19.2941        13.6342
ss_64            90          -8.1267        -8.0092        -7.0188        -7.7907        -5.3632
ss_64            91          -1.1180       -11.6305       -15.5154       -17.9851       -24.0390
ss_64            92          16.9372        22.9522        19.0494        11.9013        22.8227
ss_64            93          -6.1268        -4.1665        -5.8190        -8.8436       -22.7071
ss_64            94           9.5186         7.8508         3.5778         6.9650        -4.3697
ss_64            95           8.3489        15.3065        21.7860        25.2786        10.0424
ss_64            96          -1.6875        -1.6921         0.1819        -0.8054        -3.5531
ss_64            97           2.6457         6.2356         9.3786        15.0217         3.9378
ss_64            98          14.8525        19.1905        17.3767        15.7719        17.7911
ss_64            99          -2.9875        -4.3783        -0.4460         4.1486         3.8976
ss_64           100          -4.2398        -2.4579        -0.4264        -2.5402        -6.3107
ss_64           101          19.4527        20.5720        27.6602        24.6904        21.8512
ss_64           102           1.3120        -0.1001        -0.6623         2.5164        10.9810
ss_64           103           7.6807         8.9522        10.5293         9.5760         7.8847
ss_64           104           8.2926        14.3681        18.1323        17.1085        13.4582
ss_64           105          -0.1641         5.7684         5.1221         6.6032         7.8433
ss_64           106          -7.3582        -5.6913         3.8434        10.4914         6.6812
ss_64           107           1.2481         6.8203         4.6848         0.7065        12.3483
ss_64           108           7.7988         8.3979         9.4388         6.2245         4.4291
ss_64           109           8.7959         6.8218         9.0274        12.5637        10.7451
ss_64           110          23.4728        25.5683        27.4023        27.7973        15.1771
ss_64           111          -8.7219        -3.0122        -3.2177         3.3754         8.4639
ss_64           112           5.5143        11.2925        17.2982        18.7641         5.8376
ss_64           113          16.8872        17.0288        17.1866        14.1748         7.4232
ss_64           114           6.7168         9.8515        10.3395         5.5709         4.4915
ss_64           115           7.6952         7.5968        11.3739         5.9917         1.5164
ss_64           116           6.7474         6.5809        10.3649        11.1164         7.4239
ss_64           117         -16.1936       -17.9859       -14.9651       -12.1438         0.5573
ss_64           118          -2.7310       -12.0144       -23.5665       -16.5917       -19.6281
ss_64           119         -11.0024       -12.5881       -10.7208        -7.8824       -12.0996
ss_64           120          16.1246        23.9551        21.5200        19.7745        16.7848
ss_64           121           5.4135         7.4858         9.4096        12.6692        -1.5146
ss_64           122           7.5598         8.2140         5.4513         5.5868         5.1282
ss_64           123          14.1980        19.9440        24.5536        25.0115        12.3074
ss_64           124           7.4424         6.0994         2.9716        -0.1013         7.9533
ss_64           125         -11.0534        -7.6080        -3.8946         1.6533        -2.3217
ss_64           126         -10.0173        -8.6528        -6.8523        -4.0739        -3.9349
ss_64           127           9.5219        12.8151        18.0184        23.1322        23.2904
ss_64           128           5.7956         6.2754       -14.5912         5.1902        -5.0459
ss_64           129          -9.8985        -7.7138         2.7251         9.0905         4.4767
ss_64           130          -1.6455         3.6658         8.6292         9.8927        -1.7336
ss_64           131          -2.6383         0.7861         3.3939         7.4772         6.6379
ss_64           132           5.4162         4.5936         4.6079         4.8726         9.3255
ss_64           133           0.9054         4.6226         9.1808        12.4029         5.9332
ss_64           134          -5.4016        -2.5806        -2.6717         1.7247       -18.1406
ss_64           135          21.8271        23.0660        19.8077        18.8896        26.4603
ss_64           136          -5.0377        -3.8059         2.0460         6.1110        -4.4922
ss_64           137           -.----         -.----         -.----         -.----         -.----
ss_64           138         -18.1554       -10.0607       -17.4210        -5.9022        -7.8964
ss_64           139          18.0059        25.2526        33.0059        33.6917        27.9164
ss_64           140          -5.8292        -3.1918        -7.2545        -5.3815       -11.3500
ss_64           141           4.7559         6.6203         5.5741         3.4948        -2.1201
ss_64           142          -4.6369        -8.4708       -11.9914       -13.9661       -12.0435
ss_64           143          -3.1535         0.8041        -0.5554         2.8309         2.2480
ss_64           144           8.1607        15.3430        16.4716        15.3403        13.0297
ss_64           145           7.8221         5.1203         0.3890        -4.7477        -7.7410
ss_64           146           7.9774        13.8394        16.4146        20.6372        14.1546
ss_64           147          -0.1549         3.8127         8.9354        13.5885        17.9353
ss_64           148           7.6661        12.4760         8.8693         7.6726         7.0162
ss_64           149          17.7204        15.0373        16.7291        18.5684        21.7344
ss_64           150         -15.8933       -16.0237       -16.6990       -12.2718        -4.2486
ss_64           151          26.6775        35.1975        35.3946        32.3930        26.1207
ss_64           152           1.8038         0.0618         1.0622         1.5903        -2.0696
ss_64           153           1.7841         4.0307         2.3864         2.4632         6.3778
ss_64           154          -4.1880         0.8332         7.2446        11.8298        14.8087
ss_64           155          -5.5105        -1.3106         2.2373         1.9493         2.0111
ss_64           156          18.9282        24.5874        27.9736        28.2382        25.6234
ss_64           157          -1.0530         2.8603        -0.9996        -3.1711        -1.6416
ss_64           158         -14.2321       -11.0591        -8.9700        -7.0218        -8.5312
ss_64           159          -0.7462        -1.5915        -7.2586        -9.3305       -13.0233
ss_64           160           9.2442        13.7497        11.5683         9.3773         9.0156
