Filename       Segment   T332T372Fz-ASNM T332T372FCz-ASNM T332T372Cz-ASNM T332T372CPz-ASNM T332T372Pz-ASNM
ss_63             1         -16.3170        -7.5118       -16.4869        -9.3503       -16.8644
ss_63             2           0.5182        14.9837         7.0573         4.9222        11.4901
ss_63             3           6.8648        10.6427         5.7355         2.1464        -4.5511
ss_63             4           0.0245        -1.7282         4.2213         9.5927         8.6383
ss_63             5          26.6317        19.3723        19.6407        18.6165        25.1697
ss_63             6         -14.3164        -2.1221        -3.3259         8.8532         6.2605
ss_63             7          18.3737         9.7481         7.7843        12.9291         9.8600
ss_63             8          31.8190        24.0127        19.2714        17.3631        30.0088
ss_63             9         -48.2025       -23.7204       -14.8609        -3.8987        -2.8844
ss_63            10           3.3160         1.0698         0.0067        -4.2672        -3.2645
ss_63            11           4.5582        -1.8415        -7.0874        -6.1274        -7.1697
ss_63            12           7.5332         4.7216        10.4058        13.4562         4.6185
ss_63            13          33.8697        13.9055        27.4326        30.0760        28.4983
ss_63            14          14.8575        10.6449        12.6455        12.8854        18.9192
ss_63            15         -17.9432         0.5376        -2.3338        -2.3815         5.1397
ss_63            16          10.9493        27.8162        23.3012        21.8470        26.4125
ss_63            17         -17.8417         5.4763         3.7856         3.1037         2.9716
ss_63            18          16.9001        22.3618        20.0478        20.9217        18.5505
ss_63            19          19.2700        22.0621        29.4314        24.6707        15.0837
ss_63            20           7.5874        12.1077        14.6629        18.7419        16.0640
ss_63            21           4.8356        19.7706        22.5328        25.8218        32.8702
ss_63            22         -16.5639         1.4543         7.9642         8.1573        -4.8768
ss_63            23           9.1260        18.1116        25.8203        25.1954        25.4972
ss_63            24           9.3913         5.0962         7.5700        12.6376        13.3738
ss_63            25          17.6090        27.7151        21.0912        21.9221        17.8151
ss_63            26          15.9394       -10.3157        -3.9588        -1.9470        -0.9235
ss_63            27         -12.9144        -4.5964        -5.8681        -7.4383       -12.6410
ss_63            28           9.1774        14.0290        17.1244        13.2647         4.9186
ss_63            29          23.4086        29.7836        36.5541        39.9243        38.3802
ss_63            30          18.0183         3.7238         4.1587         5.3112        11.7709
ss_63            31           6.6949         8.4685        14.0453        16.3839        15.8985
ss_63            32          14.5534        21.5016        17.2973        14.1434         6.1893
ss_63            33          15.7687        15.3767        12.0646        10.2782         9.5002
ss_63            34         -18.6379         5.0927         1.9902         1.3930        -2.2076
ss_63            35          10.7682         8.4837        14.2070        18.9148        21.2237
ss_63            36          22.4082        28.2377        32.4835        32.8936        33.4940
ss_63            37         -11.5371        -6.5596        -5.1996        -1.2633         0.0994
ss_63            38          15.4655        20.1338        22.2147        17.6593        22.5270
ss_63            39          -6.0873        -4.1578        -4.4306         1.9348         9.9339
ss_63            40           1.8305        12.4968        22.4105        29.1737        29.8958
ss_63            41          19.7329         3.1400         1.2974         1.1612         9.1623
ss_63            42         -22.3760       -14.2277        -6.2040        -0.5601         2.3980
ss_63            43          44.5541        43.5274        43.3780        41.9888        39.1324
ss_63            44          -3.7180        -8.0122        -2.2323        -1.9727         4.8294
ss_63            45          18.8425        20.7167        21.6218        23.6161        20.8843
ss_63            46         -10.1494         8.5389        13.9329        17.8919        21.1025
ss_63            47           1.8363        18.1458         7.6197        10.9355         8.8943
ss_63            48          22.5485        26.4679        35.0370        42.2228        45.8879
ss_63            49          20.3792        19.2983        23.8797        29.6280        37.3041
ss_63            50         -14.6080        14.0956        20.9268        27.2377        31.6400
ss_63            51           6.9709        -6.5712        -1.5157         1.3085        10.3935
ss_63            52         -22.9184        -4.1011         2.7831         9.5921         4.0526
ss_63            53         -10.2474       -31.0997       -24.4585       -25.1864       -22.2670
ss_63            54           -.----         -.----         -.----         -.----         -.----
ss_63            55          24.5465         8.4502         5.1927         6.7727         7.3516
ss_63            56           8.1626        30.1419        35.9350        38.0057        34.9905
ss_63            57           5.6552        11.3625        18.2578        26.4189        23.9641
ss_63            58          -7.0988         5.3058        13.2737        18.1827        27.5439
ss_63            59          -7.9011        -0.3409        -0.3698        -3.1244        -3.7166
ss_63            60         -17.5787        -9.5233        -1.7930         2.8148         6.6812
ss_63            61           1.9972        16.7741        18.9769        19.7377        17.8498
ss_63            62         -30.5761        28.8054        27.6349        30.2192        24.1805
ss_63            63          33.0558        19.2522        25.2511        33.6012        37.0369
ss_63            64          30.4181        16.5237        21.5379        24.8237        28.1752
ss_63            65          12.0729        24.7425        24.7557        26.9983        29.8843
ss_63            66          43.4976        32.1123        39.4694        34.2224        29.6351
ss_63            67         -24.3027       -17.9921       -13.4995       -11.6962        -3.8155
ss_63            68           9.3987         6.8986         9.4000        13.9125        14.9931
ss_63            69         -31.1768        20.4703        24.9886        26.3353        27.2827
ss_63            70          -1.1773        -5.9292         5.4795        12.2719        14.9650
ss_63            71          -1.3419         1.4942         4.3492         5.9761         5.9188
ss_63            72           8.6177         3.9091         5.2613         6.3115        22.3683
ss_63            73          -9.1366       -15.5858       -16.0577       -13.5613        -6.2366
ss_63            74         -14.0879         2.6197         2.2027         2.3848         2.7521
ss_63            75          14.9888        23.0584        14.5628        17.1558        17.6301
ss_63            76          -2.7303        -3.0521        -0.0707         3.6719         6.3081
ss_63            77           4.1258        17.7909        20.2070        25.7598        26.2924
ss_63            78          -5.3713       -28.1403       -27.9320       -24.1740        -9.7644
ss_63            79           4.3725         4.8006         4.2835         7.3930         9.6921
ss_63            80          30.1405        35.1403        31.5178        28.7654        27.0648
ss_63            81           7.9070        -5.7393         1.1382         2.2204         7.6555
ss_63            82          -7.8242        -7.2780       -11.6308        -9.8495         3.0244
ss_63            83          28.2731        35.9354        36.3541        38.9155        38.4143
ss_63            84           7.6287        10.2493        10.4704         6.1463         7.5807
ss_63            85          28.9191        21.7348        23.2461        22.1153        26.2529
ss_63            86           1.3625         3.6974         5.7184         7.9671         5.8386
ss_63            87           1.9663        -7.7845        -4.8741        -4.5506        11.0709
ss_63            88          25.7820        42.1451        44.3633        41.5034        35.1867
ss_63            89           6.3483        21.9493        27.6982        29.7744        29.6631
ss_63            90          -3.9912        -5.1329         7.2813        17.0568        19.4841
ss_63            91         -57.3362       -13.1159       -15.0537       -13.8785       -17.8903
ss_63            92          -0.8268        16.0435        24.3206        25.5425         9.3415
ss_63            93           7.4518         3.6282         7.8587        13.6585        20.5193
ss_63            94         -17.3047       -24.4741       -12.2305        -3.6601        18.7735
ss_63            95           8.9736         9.6363        11.4490        10.5449        12.5612
ss_63            96           4.0292         5.5175         8.6565        13.9982        13.5816
ss_63            97           3.1745        11.5344        11.7126        11.6556         1.2891
ss_63            98           1.3236         0.2138         4.2359         2.6989        -0.1877
ss_63            99          38.1737        29.5621        24.8394        26.3518        17.6123
ss_63           100          -6.9727        13.7846        20.2634        24.5132        11.4475
ss_63           101           3.6797         6.8029         2.8689        -0.7596        -2.7520
ss_63           102          10.2686         8.2478         7.2541         8.5236         9.4535
ss_63           103          45.2423        28.4225        27.8499        27.5133        24.2826
ss_63           104          19.9870        29.9097        25.5175        26.3312         6.5873
ss_63           105          16.2868        16.7280        13.8687         8.7968         7.6179
ss_63           106         -27.4388       -23.2073       -16.6520       -13.4513       -11.2629
ss_63           107           7.6829        12.4365         9.6920        10.4758        12.3338
ss_63           108          -3.6783        -3.3901        -6.5998       -10.3721       -17.3496
ss_63           109          19.9159        18.8835        17.8098        16.4704        16.8275
ss_63           110          18.8541        19.8636        18.8938        18.3041        19.1003
ss_63           111          -2.9188        11.7950        14.8432        17.8228        20.7199
ss_63           112          -2.8525         0.9047         5.1013         7.8045        12.3962
ss_63           113          -6.6321       -10.9374       -13.9470       -13.9331       -14.7483
ss_63           114          15.9294        16.9827        18.6728        17.8408        16.1846
ss_63           115          -5.1352         0.6448         1.8098         5.9515         9.3293
ss_63           116          21.4982        28.6492        30.6733        29.0098        30.2005
ss_63           117           7.2789        14.7539        14.5653        14.3604        15.6949
ss_63           118          16.9522        20.3415        23.9282        25.9866        25.2065
ss_63           119          -6.9209        15.0675        17.1608        20.1534        17.4608
ss_63           120          28.2844        31.3242        32.6285        22.7396        16.9987
ss_63           121          11.1585        22.1977        25.5148        24.5781        18.0529
ss_63           122          12.1238         4.0691         3.8851         5.4025         5.2361
ss_63           123         -10.6866        -6.1855        -3.7284         0.9353         4.1691
ss_63           124          23.6817        16.7993        18.7347        18.7288        14.6959
ss_63           125          14.0326        25.4161        25.7761        30.6226        34.6920
ss_63           126          -9.5099        -9.6151        -7.7152        -3.5352        -0.1055
ss_63           127          -6.5553        -0.3173        -1.1384         1.9184         6.5645
ss_63           128          14.1799         9.4062         6.9124         5.3497        -0.1229
ss_63           129          11.1965        17.8733        23.7932        26.9270        30.4356
ss_63           130         -13.7636       -11.1483        -5.0455         1.4489        -0.4605
ss_63           131           6.9820        10.9375         8.7362         9.8055        12.1995
ss_63           132          13.0193         4.8543        -0.2648        -3.4338        -1.7068
ss_63           133          47.4185        52.8407        52.7742        49.7452        51.5167
ss_63           134           1.6165         2.3570         6.4395        12.9584        14.7230
ss_63           135          -8.8230         0.0486        -5.6217       -10.6435       -10.9081
ss_63           136          -0.6365         0.6222         1.0321        -0.1536        -4.7172
ss_63           137          54.0505        61.6626        66.8967        71.3275        68.4329
ss_63           138         -10.8426         7.0690         6.3708        10.4043        16.3248
ss_63           139           8.8713        11.4827        18.1929        23.5157        23.1131
ss_63           140          16.3672        11.2034        14.4690        15.3146        14.1738
ss_63           141          28.2619        28.6124        30.9334        33.3583        31.6475
ss_63           142           0.3408         6.4369         6.9887        10.2969         9.5671
ss_63           143          -3.1263         0.8894         0.2880         5.3943        11.2342
ss_63           144           2.9513         4.5016         4.9775         9.2185        14.4864
ss_63           145           2.6551         1.8175         3.5181         7.4980        11.1862
ss_63           146          12.3903        15.9213        17.1563        15.4845        11.0208
ss_63           147           7.8146         6.8018         4.3328         1.6603         0.3620
ss_63           148          14.7993         8.7574        11.7720        16.8480        22.3572
ss_63           149          36.3414        32.8344        34.6373        34.4981        31.3589
ss_63           150          -2.0513         5.0932        14.0252        16.3160        16.2891
ss_63           151          -6.5205        -1.6606         2.1026         6.5138         1.8226
ss_63           152           2.0981         6.8812         5.6292        10.2733        15.3197
ss_63           153          14.1697        20.3356        24.9102        26.6879        26.7191
ss_63           154           7.1220        12.0277        12.4899        13.9626        14.7203
ss_63           155           2.3816         4.7855         7.1795         9.9164        12.0734
ss_63           156           4.5783         6.6946        10.0052        14.2646        17.8630
ss_63           157          -6.8587        -0.0335        -0.0979         4.1120         1.6197
ss_63           158           4.4102         7.0325         7.1083        12.7643        15.9087
ss_63           159           5.2251         8.9582        10.5573        10.4345        18.5617
ss_63           160          14.1418        21.2373        19.4860        19.3406        17.5263
